10000110	20009728	36387001	112	1	2015-04-12	无尽的爱
10000110	20009728	43924083	112	0	2015-04-12	无尽的爱
10000110	20009728	43924083	112	1	2015-04-12	无尽的爱
10000110	20009728	46528398	112	0	2015-04-12	无尽的爱
10000110	20009728	77191467	112	1	2015-04-12	无尽的爱
10000110	20009728	77208848	112	1	2015-04-12	无尽的爱
10000110	20009728	79597459	112	1	2015-04-12	无尽的爱
10000110	20009728	88142924	112	0	2015-04-12	无尽的爱
10000110	20009728	96646526	112	1	2015-04-12	无尽的爱
10000110	20009728	96677580	112	0	2015-04-12	无尽的爱
10000110	20009728	96691494	112	1	2015-04-12	无尽的爱
10000110	20009728	96707507	112	0	2015-04-12	无尽的爱
10000110	20009728	96744894	112	0	2015-04-12	无尽的爱
10000110	20009728	96744894	112	1	2015-04-12	无尽的爱
10000110	20009728	96772745	112	0	2015-04-12	无尽的爱
10000110	20009728	96792119	112	0	2015-04-12	无尽的爱
10000299	21762115	10830388	112	1	2015-04-12	一步之遥
10000299	21762115	11384609	112	0	2015-04-12	一步之遥
10000299	21762115	11384609	112	1	2015-04-12	一步之遥
10000299	21762115	14526756	112	1	2015-04-12	一步之遥
10000299	21762115	17495825	112	1	2015-04-12	一步之遥
10000299	21762115	20490462	112	1	2015-04-12	一步之遥
10000299	21762115	31165740	112	1	2015-04-12	一步之遥
10000299	21762115	34623357	112	1	2015-04-12	一步之遥
10000299	21762115	38181764	112	1	2015-04-12	一步之遥
10000299	21762115	39645028	112	1	2015-04-12	一步之遥
10000299	21762115	47135801	112	1	2015-04-12	一步之遥
10000299	21762115	48817512	112	1	2015-04-12	一步之遥
10000299	21762115	49347940	112	1	2015-04-12	一步之遥
10000299	21762115	55876746	112	1	2015-04-12	一步之遥
10000299	21762115	56888911	112	0	2015-04-12	一步之遥
10000299	21762115	63568663	112	1	2015-04-12	一步之遥
10000299	21762115	65233309	112	1	2015-04-12	一步之遥
10000299	21762115	65303505	112	1	2015-04-12	一步之遥
10000299	21762115	66554330	112	1	2015-04-12	一步之遥
10000299	21762115	66556907	112	1	2015-04-12	一步之遥
10000299	21762115	69955358	112	0	2015-04-12	一步之遥
10000299	21762115	70674082	112	1	2015-04-12	一步之遥
10000299	21762115	71370201	112	0	2015-04-12	一步之遥
10000299	21762115	71370201	112	1	2015-04-12	一步之遥
10000299	21762115	71535085	112	1	2015-04-12	一步之遥
10000299	21762115	72267812	112	0	2015-04-12	一步之遥
10000299	21762115	72892916	112	1	2015-04-12	一步之遥
10000299	21762115	76196040	112	0	2015-04-12	一步之遥
10000299	21762115	76422166	112	1	2015-04-12	一步之遥
10000299	21762115	77856700	112	1	2015-04-12	一步之遥
10000299	21762115	78121663	112	1	2015-04-12	一步之遥
10000299	21762115	78556567	112	0	2015-04-12	一步之遥
10000299	21762115	78729028	112	1	2015-04-12	一步之遥
10000299	21762115	78897258	112	0	2015-04-12	一步之遥
10000299	21762115	78897258	112	1	2015-04-12	一步之遥
10000299	21762115	79006399	112	1	2015-04-12	一步之遥
10000299	21762115	80537181	112	1	2015-04-12	一步之遥
10000299	21762115	81835322	112	1	2015-04-12	一步之遥
10000299	21762115	90049633	112	1	2015-04-12	一步之遥
10000299	21762115	90353764	112	1	2015-04-12	一步之遥
10000299	21762115	93744849	112	1	2015-04-12	一步之遥
10000299	21762115	95172721	112	1	2015-04-12	一步之遥
10000299	21762115	96657890	112	1	2015-04-12	一步之遥
10000299	21762115	96657959	112	1	2015-04-12	一步之遥
10000299	21762115	96659371	112	1	2015-04-12	一步之遥
10000299	21762115	96676880	112	1	2015-04-12	一步之遥
10000299	21762115	96711627	112	1	2015-04-12	一步之遥
10000299	21762115	96721346	112	1	2015-04-12	一步之遥
10000299	21762115	96722553	112	1	2015-04-12	一步之遥
10000299	21762115	96723713	112	1	2015-04-12	一步之遥
10000299	21762115	96724505	112	1	2015-04-12	一步之遥
10000299	21762115	96726191	112	1	2015-04-12	一步之遥
10000299	21762115	96745887	112	1	2015-04-12	一步之遥
10000299	21762115	96758983	112	1	2015-04-12	一步之遥
10000299	21762115	96763430	112	1	2015-04-12	一步之遥
10000299	21762115	96767946	112	1	2015-04-12	一步之遥
10000299	21762115	96772657	112	1	2015-04-12	一步之遥
10000299	21762115	96774243	112	1	2015-04-12	一步之遥
10000299	21762115	96774528	112	1	2015-04-12	一步之遥
10000299	21762115	96774567	112	1	2015-04-12	一步之遥
10000299	21762115	96775080	112	1	2015-04-12	一步之遥
10000299	21762115	96777085	112	0	2015-04-12	一步之遥
10000299	21762115	96777085	112	1	2015-04-12	一步之遥
10000299	21762115	96787994	112	1	2015-04-12	一步之遥
10000299	21762115	96790624	112	0	2015-04-12	一步之遥
10000299	21762115	96790624	112	1	2015-04-12	一步之遥
10000299	21762115	96790873	112	1	2015-04-12	一步之遥
10000299	21762115	96794307	112	1	2015-04-12	一步之遥
10000299	21762115	96813221	112	1	2015-04-12	一步之遥
10000360	20023684	36043204	112	0	2015-04-12	初到东京
10000360	20023684	36043204	112	1	2015-04-12	初到东京
10000542	20756076	12639515	112	0	2015-04-12	沉睡魔咒
10000542	20756076	12639515	112	1	2015-04-12	沉睡魔咒
10000542	20756076	12873724	112	0	2015-04-12	沉睡魔咒
10000542	20756076	21610952	112	0	2015-04-12	沉睡魔咒
10000542	20756076	21610952	112	1	2015-04-12	沉睡魔咒
10000542	20756076	31406449	112	0	2015-04-12	沉睡魔咒
10000542	20756076	31406449	112	1	2015-04-12	沉睡魔咒
10000542	20756076	34132002	112	0	2015-04-12	沉睡魔咒
10000542	20756076	34132002	112	1	2015-04-12	沉睡魔咒
10000542	20756076	39645028	112	0	2015-04-12	沉睡魔咒
10000542	20756076	50177862	112	0	2015-04-12	沉睡魔咒
10000542	20756076	50177862	112	1	2015-04-12	沉睡魔咒
10000542	20756076	50835661	112	0	2015-04-12	沉睡魔咒
10000542	20756076	56068264	112	0	2015-04-12	沉睡魔咒
10000542	20756076	56068264	112	1	2015-04-12	沉睡魔咒
10000542	20756076	7056818	112	0	2015-04-12	沉睡魔咒
10000542	20756076	7056818	112	1	2015-04-12	沉睡魔咒
10000542	20756076	74549231	112	0	2015-04-12	沉睡魔咒
10000542	20756076	74549231	112	1	2015-04-12	沉睡魔咒
10000542	20756076	74848938	112	0	2015-04-12	沉睡魔咒
10000542	20756076	74848938	112	1	2015-04-12	沉睡魔咒
10000542	20756076	75259672	112	0	2015-04-12	沉睡魔咒
10000542	20756076	75259672	112	1	2015-04-12	沉睡魔咒
10000542	20756076	77700166	112	0	2015-04-12	沉睡魔咒
10000542	20756076	77700166	112	1	2015-04-12	沉睡魔咒
10000542	20756076	79597459	112	1	2015-04-12	沉睡魔咒
10000542	20756076	79654137	112	0	2015-04-12	沉睡魔咒
10000542	20756076	79654137	112	1	2015-04-12	沉睡魔咒
10000542	20756076	82455911	112	0	2015-04-12	沉睡魔咒
10000542	20756076	82455911	112	1	2015-04-12	沉睡魔咒
10000542	20756076	85833297	112	0	2015-04-12	沉睡魔咒
10000542	20756076	85833297	112	1	2015-04-12	沉睡魔咒
10000542	20756076	88471827	112	0	2015-04-12	沉睡魔咒
10000542	20756076	92810893	112	0	2015-04-12	沉睡魔咒
10000542	20756076	93702845	112	0	2015-04-12	沉睡魔咒
10000542	20756076	93702845	112	1	2015-04-12	沉睡魔咒
10000542	20756076	96267196	112	0	2015-04-12	沉睡魔咒
10000542	20756076	96657958	112	1	2015-04-12	沉睡魔咒
10000542	20756076	96671826	112	0	2015-04-12	沉睡魔咒
10000542	20756076	96671826	112	1	2015-04-12	沉睡魔咒
10000542	20756076	96676944	112	0	2015-04-12	沉睡魔咒
10000542	20756076	96676944	112	1	2015-04-12	沉睡魔咒
10000542	20756076	96709380	112	0	2015-04-12	沉睡魔咒
10000542	20756076	96709380	112	1	2015-04-12	沉睡魔咒
10000542	20756076	96712698	112	0	2015-04-12	沉睡魔咒
10000542	20756076	96716366	112	1	2015-04-12	沉睡魔咒
10000542	20756076	96725852	112	1	2015-04-12	沉睡魔咒
10000542	20756076	96741182	112	0	2015-04-12	沉睡魔咒
10000542	20756076	96741182	112	1	2015-04-12	沉睡魔咒
10000542	20756076	96752551	112	1	2015-04-12	沉睡魔咒
10000542	20756076	96755622	112	0	2015-04-12	沉睡魔咒
10000542	20756076	96755622	112	1	2015-04-12	沉睡魔咒
10000542	20756076	96755867	112	1	2015-04-12	沉睡魔咒
10000542	20756076	96756363	112	0	2015-04-12	沉睡魔咒
10000542	20756076	96756363	112	1	2015-04-12	沉睡魔咒
10000542	20756076	96762748	112	0	2015-04-12	沉睡魔咒
10000542	20756076	96762748	112	1	2015-04-12	沉睡魔咒
10000542	20756076	96772245	112	1	2015-04-12	沉睡魔咒
10000542	20756076	96773391	112	1	2015-04-12	沉睡魔咒
10000542	20756076	96775289	112	0	2015-04-12	沉睡魔咒
10000542	20756076	96775289	112	1	2015-04-12	沉睡魔咒
10000542	20756076	96778973	112	1	2015-04-12	沉睡魔咒
10000542	20756076	96782966	112	0	2015-04-12	沉睡魔咒
10000542	20756076	96782966	112	1	2015-04-12	沉睡魔咒
10000542	20756076	96791292	112	1	2015-04-12	沉睡魔咒
10000542	20756076	96801246	112	0	2015-04-12	沉睡魔咒
10000542	20756076	96805698	112	1	2015-04-12	沉睡魔咒
10000542	20756076	96807240	112	0	2015-04-12	沉睡魔咒
10000542	20756076	96807240	112	1	2015-04-12	沉睡魔咒
10000542	20756076	96811666	112	1	2015-04-12	沉睡魔咒
10000542	20756076	96816356	112	0	2015-04-12	沉睡魔咒
10000542	20756076	96819773	112	1	2015-04-12	沉睡魔咒
10000542	20756076	96820729	112	0	2015-04-12	沉睡魔咒
10000542	20756076	96820729	112	1	2015-04-12	沉睡魔咒
10000580	21315822	18910844	112	1	2015-04-12	盒子怪
10000580	21315822	38613797	112	1	2015-04-12	盒子怪
10000580	21315822	56992650	112	1	2015-04-12	盒子怪
10000580	21315822	96726069	112	1	2015-04-12	盒子怪
10000580	21315822	96736687	112	1	2015-04-12	盒子怪
10000698	21345430	18302892	112	1	2015-04-12	忍者神龟：变种时代
10000698	21345430	20490462	112	1	2015-04-12	忍者神龟：变种时代
10000698	21345430	25150377	112	1	2015-04-12	忍者神龟：变种时代
10000698	21345430	28421410	112	1	2015-04-12	忍者神龟：变种时代
10000698	21345430	29489821	112	0	2015-04-12	忍者神龟：变种时代
10000698	21345430	30281178	112	1	2015-04-12	忍者神龟：变种时代
10000698	21345430	37842840	112	1	2015-04-12	忍者神龟：变种时代
10000698	21345430	38893345	112	1	2015-04-12	忍者神龟：变种时代
10000698	21345430	38934985	112	1	2015-04-12	忍者神龟：变种时代
10000698	21345430	40570350	112	1	2015-04-12	忍者神龟：变种时代
10000698	21345430	41467457	112	1	2015-04-12	忍者神龟：变种时代
10000698	21345430	44201111	112	1	2015-04-12	忍者神龟：变种时代
10000698	21345430	44799714	112	1	2015-04-12	忍者神龟：变种时代
10000698	21345430	44924884	112	1	2015-04-12	忍者神龟：变种时代
10000698	21345430	45237370	112	1	2015-04-12	忍者神龟：变种时代
10000698	21345430	46833820	112	1	2015-04-12	忍者神龟：变种时代
10000698	21345430	46942092	112	1	2015-04-12	忍者神龟：变种时代
10000698	21345430	47412806	112	1	2015-04-12	忍者神龟：变种时代
10000698	21345430	48354770	112	0	2015-04-12	忍者神龟：变种时代
10000698	21345430	48354770	112	1	2015-04-12	忍者神龟：变种时代
10000698	21345430	48809915	112	1	2015-04-12	忍者神龟：变种时代
10000698	21345430	49744290	112	1	2015-04-12	忍者神龟：变种时代
10000698	21345430	50200369	112	1	2015-04-12	忍者神龟：变种时代
10000698	21345430	50225540	112	1	2015-04-12	忍者神龟：变种时代
10000698	21345430	50384764	112	0	2015-04-12	忍者神龟：变种时代
10000698	21345430	50384764	112	1	2015-04-12	忍者神龟：变种时代
10000698	21345430	50835661	112	1	2015-04-12	忍者神龟：变种时代
10000698	21345430	51855208	112	1	2015-04-12	忍者神龟：变种时代
10000698	21345430	52222656	112	1	2015-04-12	忍者神龟：变种时代
10000698	21345430	52871008	112	1	2015-04-12	忍者神龟：变种时代
10000698	21345430	52930507	112	1	2015-04-12	忍者神龟：变种时代
10000698	21345430	53886644	112	1	2015-04-12	忍者神龟：变种时代
10000698	21345430	56024432	112	1	2015-04-12	忍者神龟：变种时代
10000698	21345430	56992650	112	1	2015-04-12	忍者神龟：变种时代
10000698	21345430	66693136	112	1	2015-04-12	忍者神龟：变种时代
10000698	21345430	66838887	112	1	2015-04-12	忍者神龟：变种时代
10000698	21345430	66863255	112	1	2015-04-12	忍者神龟：变种时代
10000698	21345430	67416758	112	0	2015-04-12	忍者神龟：变种时代
10000698	21345430	67416758	112	1	2015-04-12	忍者神龟：变种时代
10000698	21345430	67861678	112	1	2015-04-12	忍者神龟：变种时代
10000698	21345430	69019020	112	1	2015-04-12	忍者神龟：变种时代
10000698	21345430	69720883	112	1	2015-04-12	忍者神龟：变种时代
10000698	21345430	70276449	112	1	2015-04-12	忍者神龟：变种时代
10000698	21345430	70636297	112	1	2015-04-12	忍者神龟：变种时代
10000698	21345430	71351878	112	1	2015-04-12	忍者神龟：变种时代
10000698	21345430	71478845	112	1	2015-04-12	忍者神龟：变种时代
10000698	21345430	72260355	112	0	2015-04-12	忍者神龟：变种时代
10000698	21345430	72260355	112	1	2015-04-12	忍者神龟：变种时代
10000698	21345430	77250150	112	1	2015-04-12	忍者神龟：变种时代
10000698	21345430	77513122	112	1	2015-04-12	忍者神龟：变种时代
10000698	21345430	78729028	112	1	2015-04-12	忍者神龟：变种时代
10000698	21345430	78772069	112	1	2015-04-12	忍者神龟：变种时代
10000698	21345430	79457058	112	1	2015-04-12	忍者神龟：变种时代
10000698	21345430	82220336	112	1	2015-04-12	忍者神龟：变种时代
10000698	21345430	82632776	112	1	2015-04-12	忍者神龟：变种时代
10000698	21345430	84294221	112	1	2015-04-12	忍者神龟：变种时代
10000698	21345430	84567557	112	1	2015-04-12	忍者神龟：变种时代
10000698	21345430	86886984	112	1	2015-04-12	忍者神龟：变种时代
10000698	21345430	87338721	112	1	2015-04-12	忍者神龟：变种时代
10000698	21345430	89062760	112	1	2015-04-12	忍者神龟：变种时代
10000698	21345430	93588962	112	1	2015-04-12	忍者神龟：变种时代
10000698	21345430	93609657	112	1	2015-04-12	忍者神龟：变种时代
10000698	21345430	93851548	112	1	2015-04-12	忍者神龟：变种时代
10000698	21345430	94726750	112	1	2015-04-12	忍者神龟：变种时代
10000698	21345430	95099814	112	1	2015-04-12	忍者神龟：变种时代
10000698	21345430	96639290	112	1	2015-04-12	忍者神龟：变种时代
10000698	21345430	96643470	112	1	2015-04-12	忍者神龟：变种时代
10000698	21345430	96647639	112	1	2015-04-12	忍者神龟：变种时代
10000698	21345430	96656323	112	1	2015-04-12	忍者神龟：变种时代
10000698	21345430	96656922	112	1	2015-04-12	忍者神龟：变种时代
10000698	21345430	96657154	112	1	2015-04-12	忍者神龟：变种时代
10000698	21345430	96668979	112	1	2015-04-12	忍者神龟：变种时代
10000698	21345430	96673522	112	1	2015-04-12	忍者神龟：变种时代
10000698	21345430	96674898	112	0	2015-04-12	忍者神龟：变种时代
10000698	21345430	96674898	112	1	2015-04-12	忍者神龟：变种时代
10000698	21345430	96682049	112	0	2015-04-12	忍者神龟：变种时代
10000698	21345430	96682049	112	1	2015-04-12	忍者神龟：变种时代
10000698	21345430	96693120	112	1	2015-04-12	忍者神龟：变种时代
10000698	21345430	96697973	112	1	2015-04-12	忍者神龟：变种时代
10000698	21345430	96698725	112	1	2015-04-12	忍者神龟：变种时代
10000698	21345430	96699870	112	1	2015-04-12	忍者神龟：变种时代
10000698	21345430	96701786	112	1	2015-04-12	忍者神龟：变种时代
10000698	21345430	96704214	112	1	2015-04-12	忍者神龟：变种时代
10000698	21345430	96705464	112	1	2015-04-12	忍者神龟：变种时代
10000698	21345430	96709833	112	1	2015-04-12	忍者神龟：变种时代
10000698	21345430	96710514	112	0	2015-04-12	忍者神龟：变种时代
10000698	21345430	96716674	112	1	2015-04-12	忍者神龟：变种时代
10000698	21345430	96716765	112	1	2015-04-12	忍者神龟：变种时代
10000698	21345430	96722553	112	1	2015-04-12	忍者神龟：变种时代
10000698	21345430	96724505	112	1	2015-04-12	忍者神龟：变种时代
10000698	21345430	96726823	112	1	2015-04-12	忍者神龟：变种时代
10000698	21345430	96727744	112	1	2015-04-12	忍者神龟：变种时代
10000698	21345430	96730225	112	1	2015-04-12	忍者神龟：变种时代
10000698	21345430	96732350	112	1	2015-04-12	忍者神龟：变种时代
10000698	21345430	96734314	112	1	2015-04-12	忍者神龟：变种时代
10000698	21345430	96734898	112	1	2015-04-12	忍者神龟：变种时代
10000698	21345430	96736843	112	1	2015-04-12	忍者神龟：变种时代
10000698	21345430	96740210	112	0	2015-04-12	忍者神龟：变种时代
10000698	21345430	96740210	112	1	2015-04-12	忍者神龟：变种时代
10000698	21345430	96742723	112	0	2015-04-12	忍者神龟：变种时代
10000698	21345430	96755157	112	1	2015-04-12	忍者神龟：变种时代
10000698	21345430	96756858	112	1	2015-04-12	忍者神龟：变种时代
10000698	21345430	96764734	112	1	2015-04-12	忍者神龟：变种时代
10000698	21345430	96764877	112	1	2015-04-12	忍者神龟：变种时代
10000698	21345430	96766558	112	1	2015-04-12	忍者神龟：变种时代
10000698	21345430	96766573	112	1	2015-04-12	忍者神龟：变种时代
10000698	21345430	96767937	112	1	2015-04-12	忍者神龟：变种时代
10000698	21345430	96771660	112	1	2015-04-12	忍者神龟：变种时代
10000698	21345430	96772389	112	1	2015-04-12	忍者神龟：变种时代
10000698	21345430	96777925	112	1	2015-04-12	忍者神龟：变种时代
10000698	21345430	96778889	112	1	2015-04-12	忍者神龟：变种时代
10000698	21345430	96782030	112	1	2015-04-12	忍者神龟：变种时代
10000698	21345430	96791380	112	0	2015-04-12	忍者神龟：变种时代
10000698	21345430	96791380	112	1	2015-04-12	忍者神龟：变种时代
10000698	21345430	96800140	112	1	2015-04-12	忍者神龟：变种时代
10000698	21345430	96805299	112	1	2015-04-12	忍者神龟：变种时代
10000698	21345430	96807638	112	1	2015-04-12	忍者神龟：变种时代
10000739	20052195	13666086	112	0	2015-04-12	神偷奶爸2 国语版
10000739	20052195	19741956	112	0	2015-04-12	神偷奶爸2 国语版
10000739	20052195	19741956	112	1	2015-04-12	神偷奶爸2 国语版
10000739	20052195	41171453	112	0	2015-04-12	神偷奶爸2 国语版
10000739	20052195	41171453	112	1	2015-04-12	神偷奶爸2 国语版
10000739	20052195	56773815	112	0	2015-04-12	神偷奶爸2 国语版
10000739	20052195	77979840	112	0	2015-04-12	神偷奶爸2 国语版
10000739	20052195	77979840	112	1	2015-04-12	神偷奶爸2 国语版
10000739	20052195	95633921	112	0	2015-04-12	神偷奶爸2 国语版
10000739	20052195	95633921	112	1	2015-04-12	神偷奶爸2 国语版
10000739	20052195	96640830	112	0	2015-04-12	神偷奶爸2 国语版
10000739	20052195	96640830	112	1	2015-04-12	神偷奶爸2 国语版
10000739	20052195	96707470	112	0	2015-04-12	神偷奶爸2 国语版
10000739	20052195	96707470	112	1	2015-04-12	神偷奶爸2 国语版
10000739	20052195	96709380	112	0	2015-04-12	神偷奶爸2 国语版
10000739	20052195	96718024	112	0	2015-04-12	神偷奶爸2 国语版
10000739	20052195	96718024	112	1	2015-04-12	神偷奶爸2 国语版
10000739	20052195	96726100	112	0	2015-04-12	神偷奶爸2 国语版
10000739	20052195	96742069	112	0	2015-04-12	神偷奶爸2 国语版
10000739	20052195	96742069	112	1	2015-04-12	神偷奶爸2 国语版
10000739	20052195	96771006	112	0	2015-04-12	神偷奶爸2 国语版
10000739	20052195	96771006	112	1	2015-04-12	神偷奶爸2 国语版
10000739	20052195	96773011	112	1	2015-04-12	神偷奶爸2 国语版
10000739	20052195	96784422	112	1	2015-04-12	神偷奶爸2 国语版
10000739	20052195	96791372	112	1	2015-04-12	神偷奶爸2 国语版
10000739	20052195	96791410	112	1	2015-04-12	神偷奶爸2 国语版
10000739	20052195	96799092	112	0	2015-04-12	神偷奶爸2 国语版
10000739	20052195	96799092	112	1	2015-04-12	神偷奶爸2 国语版
10000740	20052211	71504880	112	0	2015-04-12	神偷奶爸2 粤语版
10000740	20052211	71504880	112	1	2015-04-12	神偷奶爸2 粤语版
10000740	20052211	93260322	112	0	2015-04-12	神偷奶爸2 粤语版
10001539	20161303	96714047	112	0	2015-04-12	邻居大战
10001539	20161303	96714047	112	1	2015-04-12	邻居大战
10001752	20114359	37283772	112	1	2015-04-12	山鹰之歌
10001752	20114359	96742501	112	1	2015-04-12	山鹰之歌
10001753	20114275	19335601	112	1	2015-04-12	难为情
10001753	20114275	33761373	112	1	2015-04-12	难为情
10001753	20114275	36736079	112	1	2015-04-12	难为情
10001753	20114275	48059733	112	1	2015-04-12	难为情
10001753	20114275	48100596	112	1	2015-04-12	难为情
10001753	20114275	48653090	112	1	2015-04-12	难为情
10001753	20114275	48809915	112	1	2015-04-12	难为情
10001753	20114275	82218256	112	1	2015-04-12	难为情
10001753	20114275	86886984	112	1	2015-04-12	难为情
10001753	20114275	96677336	112	1	2015-04-12	难为情
10001753	20114275	96712731	112	1	2015-04-12	难为情
10001753	20114275	96738866	112	1	2015-04-12	难为情
10001753	20114275	96748769	112	1	2015-04-12	难为情
10001753	20114275	96765621	112	1	2015-04-12	难为情
10001753	20114275	96765734	112	1	2015-04-12	难为情
10001753	20114275	96772745	112	1	2015-04-12	难为情
10001753	20114275	96786181	112	1	2015-04-12	难为情
10001753	20114275	96822191	112	1	2015-04-12	难为情
10001755	20177910	20404486	112	1	2015-04-12	美景之屋
10001755	20177910	30040161	112	1	2015-04-12	美景之屋
10001755	20177910	33761373	112	1	2015-04-12	美景之屋
10001755	20177910	48653090	112	1	2015-04-12	美景之屋
10001755	20177910	48809915	112	1	2015-04-12	美景之屋
10001755	20177910	49928754	112	1	2015-04-12	美景之屋
10001755	20177910	56747368	112	1	2015-04-12	美景之屋
10001755	20177910	69747424	112	1	2015-04-12	美景之屋
10001755	20177910	78153962	112	1	2015-04-12	美景之屋
10001755	20177910	82212982	112	1	2015-04-12	美景之屋
10001755	20177910	82218256	112	0	2015-04-12	美景之屋
10001755	20177910	82218256	112	1	2015-04-12	美景之屋
10001755	20177910	96626537	112	1	2015-04-12	美景之屋
10001755	20177910	96662518	112	1	2015-04-12	美景之屋
10001755	20177910	96678721	112	0	2015-04-12	美景之屋
10001755	20177910	96678721	112	1	2015-04-12	美景之屋
10001755	20177910	96685339	112	1	2015-04-12	美景之屋
10001755	20177910	96689177	112	1	2015-04-12	美景之屋
10001755	20177910	96703165	112	1	2015-04-12	美景之屋
10001755	20177910	96705967	112	0	2015-04-12	美景之屋
10001755	20177910	96705967	112	1	2015-04-12	美景之屋
10001755	20177910	96712731	112	1	2015-04-12	美景之屋
10001755	20177910	96723279	112	1	2015-04-12	美景之屋
10001755	20177910	96732951	112	1	2015-04-12	美景之屋
10001755	20177910	96738866	112	1	2015-04-12	美景之屋
10001755	20177910	96742501	112	1	2015-04-12	美景之屋
10001755	20177910	96749316	112	1	2015-04-12	美景之屋
10001755	20177910	96750280	112	1	2015-04-12	美景之屋
10001755	20177910	96754782	112	1	2015-04-12	美景之屋
10001755	20177910	96765621	112	1	2015-04-12	美景之屋
10001755	20177910	96774955	112	1	2015-04-12	美景之屋
10001755	20177910	96786181	112	1	2015-04-12	美景之屋
10001755	20177910	96802550	112	1	2015-04-12	美景之屋
10001759	20243316	48653090	112	1	2015-04-12	床
10001759	20243316	48809915	112	1	2015-04-12	床
10001759	20243316	72002843	112	1	2015-04-12	床
10001759	20243316	96672865	112	1	2015-04-12	床
10001759	20243316	96700228	112	1	2015-04-12	床
10001759	20243316	96742501	112	1	2015-04-12	床
10001759	20243316	96786181	112	1	2015-04-12	床
10001765	20103515	82218256	112	1	2015-04-12	挪威的森林 韩版
10001766	20103816	96742501	112	1	2015-04-12	粉色
10001766	20103816	96748769	112	1	2015-04-12	粉色
10001766	20103816	96786181	112	1	2015-04-12	粉色
10001767	20113342	96814894	112	1	2015-04-12	伤疤
10001777	20101408	48653090	112	1	2015-04-12	玩物
10001777	20101408	69527812	112	1	2015-04-12	玩物
10001777	20101408	71531014	112	1	2015-04-12	玩物
10001777	20101408	73921804	112	1	2015-04-12	玩物
10001777	20101408	96705623	112	1	2015-04-12	玩物
10001777	20101408	96716809	112	1	2015-04-12	玩物
10001777	20101408	96738866	112	1	2015-04-12	玩物
10001777	20101408	96742501	112	1	2015-04-12	玩物
10001777	20101408	96748769	112	1	2015-04-12	玩物
10001778	20096779	82218256	112	1	2015-04-12	樱桃呀 恋爱吧
10001781	20114307	96738866	112	1	2015-04-12	富贵电影
10001782	20114310	45670854	112	1	2015-04-12	胖嘟嘟的革命
10001785	20095645	62676398	112	1	2015-04-12	夜晚的游戏
10001786	20116455	71531014	112	1	2015-04-12	死生决断
10001787	20116460	71531014	112	1	2015-04-12	那时 那些人
10001791	20113235	96712731	112	1	2015-04-12	巴士站
10001965	20104051	76592308	112	1	2015-04-12	蜘蛛侠2 英文版
10001965	20104051	89386049	112	1	2015-04-12	蜘蛛侠2 英文版
10001990	20143557	19313764	112	0	2015-04-12	西部的一百万种死法
10001990	20143557	19313764	112	1	2015-04-12	西部的一百万种死法
10001990	20143557	68238970	112	1	2015-04-12	西部的一百万种死法
10001990	20143557	69928339	112	1	2015-04-12	西部的一百万种死法
10001990	20143557	96735321	112	0	2015-04-12	西部的一百万种死法
10001990	20143557	96735321	112	1	2015-04-12	西部的一百万种死法
10002011	22284050	11358412	112	0	2015-04-12	狼图腾
10002011	22284050	11358412	112	1	2015-04-12	狼图腾
10002011	22284050	11445390	112	0	2015-04-12	狼图腾
10002011	22284050	11445390	112	1	2015-04-12	狼图腾
10002011	22284050	11762360	112	0	2015-04-12	狼图腾
10002011	22284050	12437300	112	0	2015-04-12	狼图腾
10002011	22284050	12508854	112	0	2015-04-12	狼图腾
10002011	22284050	12508854	112	1	2015-04-12	狼图腾
10002011	22284050	13666086	112	0	2015-04-12	狼图腾
10002011	22284050	13666086	112	1	2015-04-12	狼图腾
10002011	22284050	13793163	112	0	2015-04-12	狼图腾
10002011	22284050	15249699	112	0	2015-04-12	狼图腾
10002011	22284050	16652449	112	0	2015-04-12	狼图腾
10002011	22284050	16701651	112	0	2015-04-12	狼图腾
10002011	22284050	18311806	112	1	2015-04-12	狼图腾
10002011	22284050	18790257	112	0	2015-04-12	狼图腾
10002011	22284050	18890308	112	0	2015-04-12	狼图腾
10002011	22284050	19755096	112	0	2015-04-12	狼图腾
10002011	22284050	19755096	112	1	2015-04-12	狼图腾
10002011	22284050	20490462	112	0	2015-04-12	狼图腾
10002011	22284050	20490462	112	1	2015-04-12	狼图腾
10002011	22284050	20558381	112	0	2015-04-12	狼图腾
10002011	22284050	20558381	112	1	2015-04-12	狼图腾
10002011	22284050	20902834	112	0	2015-04-12	狼图腾
10002011	22284050	20902834	112	1	2015-04-12	狼图腾
10002011	22284050	21009761	112	0	2015-04-12	狼图腾
10002011	22284050	21009761	112	1	2015-04-12	狼图腾
10002011	22284050	21076866	112	0	2015-04-12	狼图腾
10002011	22284050	21076866	112	1	2015-04-12	狼图腾
10002011	22284050	21713527	112	0	2015-04-12	狼图腾
10002011	22284050	21713527	112	1	2015-04-12	狼图腾
10002011	22284050	21826726	112	0	2015-04-12	狼图腾
10002011	22284050	21826726	112	1	2015-04-12	狼图腾
10002011	22284050	22211499	112	0	2015-04-12	狼图腾
10002011	22284050	22211499	112	1	2015-04-12	狼图腾
10002011	22284050	22495439	112	0	2015-04-12	狼图腾
10002011	22284050	22495439	112	1	2015-04-12	狼图腾
10002011	22284050	22651849	112	0	2015-04-12	狼图腾
10002011	22284050	22651849	112	1	2015-04-12	狼图腾
10002011	22284050	23645981	112	1	2015-04-12	狼图腾
10002011	22284050	24016065	112	0	2015-04-12	狼图腾
10002011	22284050	25787539	112	1	2015-04-12	狼图腾
10002011	22284050	25902842	112	0	2015-04-12	狼图腾
10002011	22284050	25902842	112	1	2015-04-12	狼图腾
10002011	22284050	25912112	112	0	2015-04-12	狼图腾
10002011	22284050	25912112	112	1	2015-04-12	狼图腾
10002011	22284050	26458918	112	0	2015-04-12	狼图腾
10002011	22284050	26458918	112	1	2015-04-12	狼图腾
10002011	22284050	26559017	112	0	2015-04-12	狼图腾
10002011	22284050	26559017	112	1	2015-04-12	狼图腾
10002011	22284050	27203542	112	0	2015-04-12	狼图腾
10002011	22284050	27203542	112	1	2015-04-12	狼图腾
10002011	22284050	27321281	112	0	2015-04-12	狼图腾
10002011	22284050	27321281	112	1	2015-04-12	狼图腾
10002011	22284050	27390564	112	0	2015-04-12	狼图腾
10002011	22284050	27710840	112	0	2015-04-12	狼图腾
10002011	22284050	27710840	112	1	2015-04-12	狼图腾
10002011	22284050	27783344	112	0	2015-04-12	狼图腾
10002011	22284050	27783344	112	1	2015-04-12	狼图腾
10002011	22284050	28535216	112	0	2015-04-12	狼图腾
10002011	22284050	28535216	112	1	2015-04-12	狼图腾
10002011	22284050	29372939	112	0	2015-04-12	狼图腾
10002011	22284050	29372939	112	1	2015-04-12	狼图腾
10002011	22284050	29533202	112	0	2015-04-12	狼图腾
10002011	22284050	29533202	112	1	2015-04-12	狼图腾
10002011	22284050	29855265	112	0	2015-04-12	狼图腾
10002011	22284050	30375740	112	0	2015-04-12	狼图腾
10002011	22284050	30375740	112	1	2015-04-12	狼图腾
10002011	22284050	30424586	112	0	2015-04-12	狼图腾
10002011	22284050	30424586	112	1	2015-04-12	狼图腾
10002011	22284050	30572957	112	0	2015-04-12	狼图腾
10002011	22284050	30572957	112	1	2015-04-12	狼图腾
10002011	22284050	30776637	112	0	2015-04-12	狼图腾
10002011	22284050	30788755	112	0	2015-04-12	狼图腾
10002011	22284050	30788755	112	1	2015-04-12	狼图腾
10002011	22284050	31008658	112	0	2015-04-12	狼图腾
10002011	22284050	31008658	112	1	2015-04-12	狼图腾
10002011	22284050	32496277	112	0	2015-04-12	狼图腾
10002011	22284050	32496277	112	1	2015-04-12	狼图腾
10002011	22284050	32510994	112	0	2015-04-12	狼图腾
10002011	22284050	32510994	112	1	2015-04-12	狼图腾
10002011	22284050	33351108	112	0	2015-04-12	狼图腾
10002011	22284050	33351108	112	1	2015-04-12	狼图腾
10002011	22284050	34894442	112	0	2015-04-12	狼图腾
10002011	22284050	34894442	112	1	2015-04-12	狼图腾
10002011	22284050	35624998	112	0	2015-04-12	狼图腾
10002011	22284050	35624998	112	1	2015-04-12	狼图腾
10002011	22284050	35861589	112	0	2015-04-12	狼图腾
10002011	22284050	35861589	112	1	2015-04-12	狼图腾
10002011	22284050	36441666	112	0	2015-04-12	狼图腾
10002011	22284050	36890193	112	0	2015-04-12	狼图腾
10002011	22284050	36890193	112	1	2015-04-12	狼图腾
10002011	22284050	37380430	112	0	2015-04-12	狼图腾
10002011	22284050	37380430	112	1	2015-04-12	狼图腾
10002011	22284050	37478017	112	0	2015-04-12	狼图腾
10002011	22284050	38632046	112	0	2015-04-12	狼图腾
10002011	22284050	38632046	112	1	2015-04-12	狼图腾
10002011	22284050	39847275	112	0	2015-04-12	狼图腾
10002011	22284050	39847275	112	1	2015-04-12	狼图腾
10002011	22284050	39904865	112	0	2015-04-12	狼图腾
10002011	22284050	39904865	112	1	2015-04-12	狼图腾
10002011	22284050	40266819	112	0	2015-04-12	狼图腾
10002011	22284050	40266819	112	1	2015-04-12	狼图腾
10002011	22284050	40359305	112	0	2015-04-12	狼图腾
10002011	22284050	40617254	112	0	2015-04-12	狼图腾
10002011	22284050	41328823	112	1	2015-04-12	狼图腾
10002011	22284050	42366668	112	0	2015-04-12	狼图腾
10002011	22284050	42366668	112	1	2015-04-12	狼图腾
10002011	22284050	42406240	112	0	2015-04-12	狼图腾
10002011	22284050	42406240	112	1	2015-04-12	狼图腾
10002011	22284050	42492690	112	0	2015-04-12	狼图腾
10002011	22284050	42752556	112	0	2015-04-12	狼图腾
10002011	22284050	42752556	112	1	2015-04-12	狼图腾
10002011	22284050	43252611	112	0	2015-04-12	狼图腾
10002011	22284050	43482064	112	0	2015-04-12	狼图腾
10002011	22284050	43482064	112	1	2015-04-12	狼图腾
10002011	22284050	44339115	112	0	2015-04-12	狼图腾
10002011	22284050	44339115	112	1	2015-04-12	狼图腾
10002011	22284050	44500923	112	0	2015-04-12	狼图腾
10002011	22284050	44500923	112	1	2015-04-12	狼图腾
10002011	22284050	44661757	112	0	2015-04-12	狼图腾
10002011	22284050	44661757	112	1	2015-04-12	狼图腾
10002011	22284050	44924884	112	0	2015-04-12	狼图腾
10002011	22284050	44924884	112	1	2015-04-12	狼图腾
10002011	22284050	45383134	112	0	2015-04-12	狼图腾
10002011	22284050	45383134	112	1	2015-04-12	狼图腾
10002011	22284050	45561992	112	0	2015-04-12	狼图腾
10002011	22284050	46187577	112	1	2015-04-12	狼图腾
10002011	22284050	46384926	112	0	2015-04-12	狼图腾
10002011	22284050	46384926	112	1	2015-04-12	狼图腾
10002011	22284050	46523739	112	0	2015-04-12	狼图腾
10002011	22284050	46523739	112	1	2015-04-12	狼图腾
10002011	22284050	46935966	112	1	2015-04-12	狼图腾
10002011	22284050	47135801	112	0	2015-04-12	狼图腾
10002011	22284050	47151424	112	0	2015-04-12	狼图腾
10002011	22284050	47151424	112	1	2015-04-12	狼图腾
10002011	22284050	48103415	112	0	2015-04-12	狼图腾
10002011	22284050	48103415	112	1	2015-04-12	狼图腾
10002011	22284050	48271079	112	0	2015-04-12	狼图腾
10002011	22284050	48271079	112	1	2015-04-12	狼图腾
10002011	22284050	48470495	112	0	2015-04-12	狼图腾
10002011	22284050	48470495	112	1	2015-04-12	狼图腾
10002011	22284050	48785083	112	0	2015-04-12	狼图腾
10002011	22284050	48785083	112	1	2015-04-12	狼图腾
10002011	22284050	48832495	112	0	2015-04-12	狼图腾
10002011	22284050	48832495	112	1	2015-04-12	狼图腾
10002011	22284050	48886713	112	0	2015-04-12	狼图腾
10002011	22284050	48886713	112	1	2015-04-12	狼图腾
10002011	22284050	49323962	112	0	2015-04-12	狼图腾
10002011	22284050	49323962	112	1	2015-04-12	狼图腾
10002011	22284050	49386148	112	0	2015-04-12	狼图腾
10002011	22284050	49386148	112	1	2015-04-12	狼图腾
10002011	22284050	50200369	112	0	2015-04-12	狼图腾
10002011	22284050	50200369	112	1	2015-04-12	狼图腾
10002011	22284050	50279498	112	0	2015-04-12	狼图腾
10002011	22284050	50279498	112	1	2015-04-12	狼图腾
10002011	22284050	50460791	112	0	2015-04-12	狼图腾
10002011	22284050	50460791	112	1	2015-04-12	狼图腾
10002011	22284050	50534641	112	0	2015-04-12	狼图腾
10002011	22284050	50534641	112	1	2015-04-12	狼图腾
10002011	22284050	50904576	112	1	2015-04-12	狼图腾
10002011	22284050	51038968	112	1	2015-04-12	狼图腾
10002011	22284050	51988528	112	1	2015-04-12	狼图腾
10002011	22284050	52171127	112	0	2015-04-12	狼图腾
10002011	22284050	52171127	112	1	2015-04-12	狼图腾
10002011	22284050	52222656	112	0	2015-04-12	狼图腾
10002011	22284050	52222656	112	1	2015-04-12	狼图腾
10002011	22284050	52697968	112	0	2015-04-12	狼图腾
10002011	22284050	52697968	112	1	2015-04-12	狼图腾
10002011	22284050	56957431	112	0	2015-04-12	狼图腾
10002011	22284050	56957431	112	1	2015-04-12	狼图腾
10002011	22284050	56990420	112	0	2015-04-12	狼图腾
10002011	22284050	57133948	112	0	2015-04-12	狼图腾
10002011	22284050	57493136	112	0	2015-04-12	狼图腾
10002011	22284050	63935467	112	0	2015-04-12	狼图腾
10002011	22284050	67416758	112	0	2015-04-12	狼图腾
10002011	22284050	67416758	112	1	2015-04-12	狼图腾
10002011	22284050	67515822	112	0	2015-04-12	狼图腾
10002011	22284050	67515822	112	1	2015-04-12	狼图腾
10002011	22284050	68462094	112	1	2015-04-12	狼图腾
10002011	22284050	69209215	112	0	2015-04-12	狼图腾
10002011	22284050	69209215	112	1	2015-04-12	狼图腾
10002011	22284050	69408673	112	0	2015-04-12	狼图腾
10002011	22284050	69518388	112	0	2015-04-12	狼图腾
10002011	22284050	69518388	112	1	2015-04-12	狼图腾
10002011	22284050	69653920	112	0	2015-04-12	狼图腾
10002011	22284050	69653920	112	1	2015-04-12	狼图腾
10002011	22284050	69859009	112	0	2015-04-12	狼图腾
10002011	22284050	69859009	112	1	2015-04-12	狼图腾
10002011	22284050	70275102	112	0	2015-04-12	狼图腾
10002011	22284050	70275102	112	1	2015-04-12	狼图腾
10002011	22284050	70414728	112	0	2015-04-12	狼图腾
10002011	22284050	70414728	112	1	2015-04-12	狼图腾
10002011	22284050	70639782	112	0	2015-04-12	狼图腾
10002011	22284050	70674082	112	0	2015-04-12	狼图腾
10002011	22284050	70674082	112	1	2015-04-12	狼图腾
10002011	22284050	70759144	112	0	2015-04-12	狼图腾
10002011	22284050	70759144	112	1	2015-04-12	狼图腾
10002011	22284050	71283510	112	0	2015-04-12	狼图腾
10002011	22284050	71283510	112	1	2015-04-12	狼图腾
10002011	22284050	71351878	112	0	2015-04-12	狼图腾
10002011	22284050	72322772	112	0	2015-04-12	狼图腾
10002011	22284050	72322772	112	1	2015-04-12	狼图腾
10002011	22284050	72354004	112	0	2015-04-12	狼图腾
10002011	22284050	72354004	112	1	2015-04-12	狼图腾
10002011	22284050	72969595	112	0	2015-04-12	狼图腾
10002011	22284050	72969595	112	1	2015-04-12	狼图腾
10002011	22284050	73040018	112	0	2015-04-12	狼图腾
10002011	22284050	73040018	112	1	2015-04-12	狼图腾
10002011	22284050	74192484	112	0	2015-04-12	狼图腾
10002011	22284050	74192484	112	1	2015-04-12	狼图腾
10002011	22284050	74299069	112	0	2015-04-12	狼图腾
10002011	22284050	74299069	112	1	2015-04-12	狼图腾
10002011	22284050	74396027	112	0	2015-04-12	狼图腾
10002011	22284050	74396027	112	1	2015-04-12	狼图腾
10002011	22284050	74419566	112	0	2015-04-12	狼图腾
10002011	22284050	74419566	112	1	2015-04-12	狼图腾
10002011	22284050	74434460	112	0	2015-04-12	狼图腾
10002011	22284050	74434460	112	1	2015-04-12	狼图腾
10002011	22284050	74490455	112	0	2015-04-12	狼图腾
10002011	22284050	74490455	112	1	2015-04-12	狼图腾
10002011	22284050	74549231	112	0	2015-04-12	狼图腾
10002011	22284050	74849821	112	1	2015-04-12	狼图腾
10002011	22284050	74959584	112	0	2015-04-12	狼图腾
10002011	22284050	74959584	112	1	2015-04-12	狼图腾
10002011	22284050	75081758	112	0	2015-04-12	狼图腾
10002011	22284050	75081758	112	1	2015-04-12	狼图腾
10002011	22284050	75623424	112	0	2015-04-12	狼图腾
10002011	22284050	75623424	112	1	2015-04-12	狼图腾
10002011	22284050	75710706	112	0	2015-04-12	狼图腾
10002011	22284050	75710706	112	1	2015-04-12	狼图腾
10002011	22284050	75850891	112	0	2015-04-12	狼图腾
10002011	22284050	75850891	112	1	2015-04-12	狼图腾
10002011	22284050	76027078	112	0	2015-04-12	狼图腾
10002011	22284050	76027078	112	1	2015-04-12	狼图腾
10002011	22284050	76466401	112	0	2015-04-12	狼图腾
10002011	22284050	76466401	112	1	2015-04-12	狼图腾
10002011	22284050	77198272	112	0	2015-04-12	狼图腾
10002011	22284050	77198272	112	1	2015-04-12	狼图腾
10002011	22284050	77474496	112	0	2015-04-12	狼图腾
10002011	22284050	77474496	112	1	2015-04-12	狼图腾
10002011	22284050	77623232	112	0	2015-04-12	狼图腾
10002011	22284050	77623232	112	1	2015-04-12	狼图腾
10002011	22284050	77856700	112	0	2015-04-12	狼图腾
10002011	22284050	77856700	112	1	2015-04-12	狼图腾
10002011	22284050	78077029	112	0	2015-04-12	狼图腾
10002011	22284050	78077029	112	1	2015-04-12	狼图腾
10002011	22284050	78154682	112	0	2015-04-12	狼图腾
10002011	22284050	78154682	112	1	2015-04-12	狼图腾
10002011	22284050	78729028	112	0	2015-04-12	狼图腾
10002011	22284050	78851098	112	0	2015-04-12	狼图腾
10002011	22284050	79310502	112	0	2015-04-12	狼图腾
10002011	22284050	79597459	112	1	2015-04-12	狼图腾
10002011	22284050	79597975	112	0	2015-04-12	狼图腾
10002011	22284050	79637493	112	0	2015-04-12	狼图腾
10002011	22284050	79637493	112	1	2015-04-12	狼图腾
10002011	22284050	79652965	112	0	2015-04-12	狼图腾
10002011	22284050	79652965	112	1	2015-04-12	狼图腾
10002011	22284050	80348701	112	1	2015-04-12	狼图腾
10002011	22284050	80463681	112	0	2015-04-12	狼图腾
10002011	22284050	80463681	112	1	2015-04-12	狼图腾
10002011	22284050	8076483	112	0	2015-04-12	狼图腾
10002011	22284050	81902741	112	0	2015-04-12	狼图腾
10002011	22284050	81902741	112	1	2015-04-12	狼图腾
10002011	22284050	82582472	112	0	2015-04-12	狼图腾
10002011	22284050	82582472	112	1	2015-04-12	狼图腾
10002011	22284050	83203576	112	0	2015-04-12	狼图腾
10002011	22284050	83203576	112	1	2015-04-12	狼图腾
10002011	22284050	84397555	112	1	2015-04-12	狼图腾
10002011	22284050	84723671	112	0	2015-04-12	狼图腾
10002011	22284050	84723671	112	1	2015-04-12	狼图腾
10002011	22284050	85422130	112	0	2015-04-12	狼图腾
10002011	22284050	85422130	112	1	2015-04-12	狼图腾
10002011	22284050	85864686	112	0	2015-04-12	狼图腾
10002011	22284050	86022798	112	0	2015-04-12	狼图腾
10002011	22284050	86023416	112	0	2015-04-12	狼图腾
10002011	22284050	86023416	112	1	2015-04-12	狼图腾
10002011	22284050	86402512	112	0	2015-04-12	狼图腾
10002011	22284050	86450134	112	0	2015-04-12	狼图腾
10002011	22284050	86450134	112	1	2015-04-12	狼图腾
10002011	22284050	86886984	112	1	2015-04-12	狼图腾
10002011	22284050	86899239	112	0	2015-04-12	狼图腾
10002011	22284050	86899239	112	1	2015-04-12	狼图腾
10002011	22284050	88513921	112	0	2015-04-12	狼图腾
10002011	22284050	88513921	112	1	2015-04-12	狼图腾
10002011	22284050	88723884	112	0	2015-04-12	狼图腾
10002011	22284050	89337156	112	0	2015-04-12	狼图腾
10002011	22284050	89367664	112	0	2015-04-12	狼图腾
10002011	22284050	89367664	112	1	2015-04-12	狼图腾
10002011	22284050	89469037	112	0	2015-04-12	狼图腾
10002011	22284050	89469037	112	1	2015-04-12	狼图腾
10002011	22284050	90049633	112	0	2015-04-12	狼图腾
10002011	22284050	90062581	112	0	2015-04-12	狼图腾
10002011	22284050	90062581	112	1	2015-04-12	狼图腾
10002011	22284050	90155067	112	0	2015-04-12	狼图腾
10002011	22284050	90353600	112	0	2015-04-12	狼图腾
10002011	22284050	90353600	112	1	2015-04-12	狼图腾
10002011	22284050	90374593	112	0	2015-04-12	狼图腾
10002011	22284050	90374593	112	1	2015-04-12	狼图腾
10002011	22284050	90932203	112	0	2015-04-12	狼图腾
10002011	22284050	90932203	112	1	2015-04-12	狼图腾
10002011	22284050	91043150	112	0	2015-04-12	狼图腾
10002011	22284050	91043150	112	1	2015-04-12	狼图腾
10002011	22284050	93145224	112	0	2015-04-12	狼图腾
10002011	22284050	93145224	112	1	2015-04-12	狼图腾
10002011	22284050	93244520	112	0	2015-04-12	狼图腾
10002011	22284050	93244520	112	1	2015-04-12	狼图腾
10002011	22284050	93260322	112	0	2015-04-12	狼图腾
10002011	22284050	93518023	112	1	2015-04-12	狼图腾
10002011	22284050	93762433	112	0	2015-04-12	狼图腾
10002011	22284050	93762433	112	1	2015-04-12	狼图腾
10002011	22284050	93775162	112	0	2015-04-12	狼图腾
10002011	22284050	94178680	112	0	2015-04-12	狼图腾
10002011	22284050	94352329	112	0	2015-04-12	狼图腾
10002011	22284050	94352329	112	1	2015-04-12	狼图腾
10002011	22284050	95090966	112	0	2015-04-12	狼图腾
10002011	22284050	95099814	112	0	2015-04-12	狼图腾
10002011	22284050	95099814	112	1	2015-04-12	狼图腾
10002011	22284050	95172721	112	0	2015-04-12	狼图腾
10002011	22284050	95172721	112	1	2015-04-12	狼图腾
10002011	22284050	95297225	112	0	2015-04-12	狼图腾
10002011	22284050	95297225	112	1	2015-04-12	狼图腾
10002011	22284050	95427848	112	1	2015-04-12	狼图腾
10002011	22284050	95687290	112	0	2015-04-12	狼图腾
10002011	22284050	95687290	112	1	2015-04-12	狼图腾
10002011	22284050	96062046	112	0	2015-04-12	狼图腾
10002011	22284050	96062046	112	1	2015-04-12	狼图腾
10002011	22284050	96256821	112	0	2015-04-12	狼图腾
10002011	22284050	96256821	112	1	2015-04-12	狼图腾
10002011	22284050	96262407	112	0	2015-04-12	狼图腾
10002011	22284050	96262407	112	1	2015-04-12	狼图腾
10002011	22284050	96467394	112	0	2015-04-12	狼图腾
10002011	22284050	96467394	112	1	2015-04-12	狼图腾
10002011	22284050	96467417	112	0	2015-04-12	狼图腾
10002011	22284050	96513717	112	0	2015-04-12	狼图腾
10002011	22284050	96566867	112	0	2015-04-12	狼图腾
10002011	22284050	96566867	112	1	2015-04-12	狼图腾
10002011	22284050	96586873	112	0	2015-04-12	狼图腾
10002011	22284050	96586873	112	1	2015-04-12	狼图腾
10002011	22284050	96630614	112	0	2015-04-12	狼图腾
10002011	22284050	96630614	112	1	2015-04-12	狼图腾
10002011	22284050	96651266	112	0	2015-04-12	狼图腾
10002011	22284050	96651266	112	1	2015-04-12	狼图腾
10002011	22284050	96657285	112	0	2015-04-12	狼图腾
10002011	22284050	96657285	112	1	2015-04-12	狼图腾
10002011	22284050	96657959	112	1	2015-04-12	狼图腾
10002011	22284050	96662518	112	0	2015-04-12	狼图腾
10002011	22284050	96666246	112	0	2015-04-12	狼图腾
10002011	22284050	96667710	112	0	2015-04-12	狼图腾
10002011	22284050	96668708	112	1	2015-04-12	狼图腾
10002011	22284050	96671476	112	0	2015-04-12	狼图腾
10002011	22284050	96671476	112	1	2015-04-12	狼图腾
10002011	22284050	96674743	112	0	2015-04-12	狼图腾
10002011	22284050	96675749	112	0	2015-04-12	狼图腾
10002011	22284050	96677436	112	0	2015-04-12	狼图腾
10002011	22284050	96677436	112	1	2015-04-12	狼图腾
10002011	22284050	96678797	112	0	2015-04-12	狼图腾
10002011	22284050	96678797	112	1	2015-04-12	狼图腾
10002011	22284050	96678826	112	0	2015-04-12	狼图腾
10002011	22284050	96678826	112	1	2015-04-12	狼图腾
10002011	22284050	96679003	112	0	2015-04-12	狼图腾
10002011	22284050	96683583	112	0	2015-04-12	狼图腾
10002011	22284050	96690196	112	1	2015-04-12	狼图腾
10002011	22284050	96692708	112	0	2015-04-12	狼图腾
10002011	22284050	96693213	112	0	2015-04-12	狼图腾
10002011	22284050	96693213	112	1	2015-04-12	狼图腾
10002011	22284050	96693394	112	0	2015-04-12	狼图腾
10002011	22284050	96693394	112	1	2015-04-12	狼图腾
10002011	22284050	96698022	112	0	2015-04-12	狼图腾
10002011	22284050	96698725	112	0	2015-04-12	狼图腾
10002011	22284050	96698725	112	1	2015-04-12	狼图腾
10002011	22284050	96699158	112	0	2015-04-12	狼图腾
10002011	22284050	96699806	112	0	2015-04-12	狼图腾
10002011	22284050	96699806	112	1	2015-04-12	狼图腾
10002011	22284050	96699870	112	0	2015-04-12	狼图腾
10002011	22284050	96699870	112	1	2015-04-12	狼图腾
10002011	22284050	96700611	112	0	2015-04-12	狼图腾
10002011	22284050	96700611	112	1	2015-04-12	狼图腾
10002011	22284050	96702611	112	0	2015-04-12	狼图腾
10002011	22284050	96702611	112	1	2015-04-12	狼图腾
10002011	22284050	96703863	112	0	2015-04-12	狼图腾
10002011	22284050	96703863	112	1	2015-04-12	狼图腾
10002011	22284050	96704836	112	0	2015-04-12	狼图腾
10002011	22284050	96704836	112	1	2015-04-12	狼图腾
10002011	22284050	96705464	112	0	2015-04-12	狼图腾
10002011	22284050	96705464	112	1	2015-04-12	狼图腾
10002011	22284050	96705623	112	0	2015-04-12	狼图腾
10002011	22284050	96705623	112	1	2015-04-12	狼图腾
10002011	22284050	96706347	112	1	2015-04-12	狼图腾
10002011	22284050	96708409	112	0	2015-04-12	狼图腾
10002011	22284050	96708409	112	1	2015-04-12	狼图腾
10002011	22284050	96711338	112	0	2015-04-12	狼图腾
10002011	22284050	96712308	112	0	2015-04-12	狼图腾
10002011	22284050	96712599	112	0	2015-04-12	狼图腾
10002011	22284050	96712599	112	1	2015-04-12	狼图腾
10002011	22284050	96712822	112	0	2015-04-12	狼图腾
10002011	22284050	96712822	112	1	2015-04-12	狼图腾
10002011	22284050	96714047	112	0	2015-04-12	狼图腾
10002011	22284050	96714047	112	1	2015-04-12	狼图腾
10002011	22284050	96714063	112	1	2015-04-12	狼图腾
10002011	22284050	96714087	112	0	2015-04-12	狼图腾
10002011	22284050	96714087	112	1	2015-04-12	狼图腾
10002011	22284050	96714899	112	0	2015-04-12	狼图腾
10002011	22284050	96714899	112	1	2015-04-12	狼图腾
10002011	22284050	96715320	112	0	2015-04-12	狼图腾
10002011	22284050	96716809	112	0	2015-04-12	狼图腾
10002011	22284050	96716809	112	1	2015-04-12	狼图腾
10002011	22284050	96717113	112	0	2015-04-12	狼图腾
10002011	22284050	96717233	112	0	2015-04-12	狼图腾
10002011	22284050	96717233	112	1	2015-04-12	狼图腾
10002011	22284050	96718024	112	0	2015-04-12	狼图腾
10002011	22284050	96718024	112	1	2015-04-12	狼图腾
10002011	22284050	96718741	112	0	2015-04-12	狼图腾
10002011	22284050	96719331	112	0	2015-04-12	狼图腾
10002011	22284050	96719331	112	1	2015-04-12	狼图腾
10002011	22284050	96719940	112	0	2015-04-12	狼图腾
10002011	22284050	96720079	112	0	2015-04-12	狼图腾
10002011	22284050	96720079	112	1	2015-04-12	狼图腾
10002011	22284050	96721198	112	0	2015-04-12	狼图腾
10002011	22284050	96721228	112	0	2015-04-12	狼图腾
10002011	22284050	96721228	112	1	2015-04-12	狼图腾
10002011	22284050	96721346	112	0	2015-04-12	狼图腾
10002011	22284050	96721346	112	1	2015-04-12	狼图腾
10002011	22284050	96722477	112	0	2015-04-12	狼图腾
10002011	22284050	96722553	112	0	2015-04-12	狼图腾
10002011	22284050	96723961	112	0	2015-04-12	狼图腾
10002011	22284050	96723961	112	1	2015-04-12	狼图腾
10002011	22284050	96724107	112	0	2015-04-12	狼图腾
10002011	22284050	96724107	112	1	2015-04-12	狼图腾
10002011	22284050	96724227	112	1	2015-04-12	狼图腾
10002011	22284050	96724505	112	0	2015-04-12	狼图腾
10002011	22284050	96724505	112	1	2015-04-12	狼图腾
10002011	22284050	96724996	112	0	2015-04-12	狼图腾
10002011	22284050	96724996	112	1	2015-04-12	狼图腾
10002011	22284050	96725072	112	0	2015-04-12	狼图腾
10002011	22284050	96725072	112	1	2015-04-12	狼图腾
10002011	22284050	96725414	112	0	2015-04-12	狼图腾
10002011	22284050	96725414	112	1	2015-04-12	狼图腾
10002011	22284050	96725852	112	1	2015-04-12	狼图腾
10002011	22284050	96725956	112	0	2015-04-12	狼图腾
10002011	22284050	96725956	112	1	2015-04-12	狼图腾
10002011	22284050	96726137	112	0	2015-04-12	狼图腾
10002011	22284050	96726137	112	1	2015-04-12	狼图腾
10002011	22284050	96729886	112	0	2015-04-12	狼图腾
10002011	22284050	96731823	112	0	2015-04-12	狼图腾
10002011	22284050	96731823	112	1	2015-04-12	狼图腾
10002011	22284050	96732350	112	0	2015-04-12	狼图腾
10002011	22284050	96732350	112	1	2015-04-12	狼图腾
10002011	22284050	96734046	112	0	2015-04-12	狼图腾
10002011	22284050	96734046	112	1	2015-04-12	狼图腾
10002011	22284050	96735524	112	0	2015-04-12	狼图腾
10002011	22284050	96735524	112	1	2015-04-12	狼图腾
10002011	22284050	96736205	112	0	2015-04-12	狼图腾
10002011	22284050	96736205	112	1	2015-04-12	狼图腾
10002011	22284050	96736661	112	0	2015-04-12	狼图腾
10002011	22284050	96736989	112	0	2015-04-12	狼图腾
10002011	22284050	96740342	112	0	2015-04-12	狼图腾
10002011	22284050	96740342	112	1	2015-04-12	狼图腾
10002011	22284050	96745675	112	0	2015-04-12	狼图腾
10002011	22284050	96745675	112	1	2015-04-12	狼图腾
10002011	22284050	96745756	112	0	2015-04-12	狼图腾
10002011	22284050	96745756	112	1	2015-04-12	狼图腾
10002011	22284050	96746146	112	1	2015-04-12	狼图腾
10002011	22284050	96746195	112	0	2015-04-12	狼图腾
10002011	22284050	96746449	112	0	2015-04-12	狼图腾
10002011	22284050	96746449	112	1	2015-04-12	狼图腾
10002011	22284050	96746528	112	0	2015-04-12	狼图腾
10002011	22284050	96748769	112	0	2015-04-12	狼图腾
10002011	22284050	96748769	112	1	2015-04-12	狼图腾
10002011	22284050	96749377	112	0	2015-04-12	狼图腾
10002011	22284050	96749377	112	1	2015-04-12	狼图腾
10002011	22284050	96750578	112	0	2015-04-12	狼图腾
10002011	22284050	96750578	112	1	2015-04-12	狼图腾
10002011	22284050	96750617	112	0	2015-04-12	狼图腾
10002011	22284050	96752929	112	0	2015-04-12	狼图腾
10002011	22284050	96752929	112	1	2015-04-12	狼图腾
10002011	22284050	96752939	112	1	2015-04-12	狼图腾
10002011	22284050	96755164	112	0	2015-04-12	狼图腾
10002011	22284050	96755164	112	1	2015-04-12	狼图腾
10002011	22284050	96756430	112	0	2015-04-12	狼图腾
10002011	22284050	96756430	112	1	2015-04-12	狼图腾
10002011	22284050	96756801	112	0	2015-04-12	狼图腾
10002011	22284050	96756801	112	1	2015-04-12	狼图腾
10002011	22284050	96756858	112	0	2015-04-12	狼图腾
10002011	22284050	96756924	112	0	2015-04-12	狼图腾
10002011	22284050	96756999	112	1	2015-04-12	狼图腾
10002011	22284050	96757007	112	1	2015-04-12	狼图腾
10002011	22284050	96757184	112	0	2015-04-12	狼图腾
10002011	22284050	96759565	112	0	2015-04-12	狼图腾
10002011	22284050	96759565	112	1	2015-04-12	狼图腾
10002011	22284050	96759631	112	0	2015-04-12	狼图腾
10002011	22284050	96759631	112	1	2015-04-12	狼图腾
10002011	22284050	96761043	112	0	2015-04-12	狼图腾
10002011	22284050	96761043	112	1	2015-04-12	狼图腾
10002011	22284050	96763819	112	0	2015-04-12	狼图腾
10002011	22284050	96763819	112	1	2015-04-12	狼图腾
10002011	22284050	96764303	112	0	2015-04-12	狼图腾
10002011	22284050	96764303	112	1	2015-04-12	狼图腾
10002011	22284050	96764551	112	0	2015-04-12	狼图腾
10002011	22284050	96764551	112	1	2015-04-12	狼图腾
10002011	22284050	96765354	112	0	2015-04-12	狼图腾
10002011	22284050	96765354	112	1	2015-04-12	狼图腾
10002011	22284050	96765734	112	0	2015-04-12	狼图腾
10002011	22284050	96765734	112	1	2015-04-12	狼图腾
10002011	22284050	96767359	112	0	2015-04-12	狼图腾
10002011	22284050	96767937	112	0	2015-04-12	狼图腾
10002011	22284050	96768660	112	0	2015-04-12	狼图腾
10002011	22284050	96769009	112	0	2015-04-12	狼图腾
10002011	22284050	96769009	112	1	2015-04-12	狼图腾
10002011	22284050	96770322	112	0	2015-04-12	狼图腾
10002011	22284050	96770322	112	1	2015-04-12	狼图腾
10002011	22284050	96771537	112	0	2015-04-12	狼图腾
10002011	22284050	96771537	112	1	2015-04-12	狼图腾
10002011	22284050	96771813	112	0	2015-04-12	狼图腾
10002011	22284050	96771813	112	1	2015-04-12	狼图腾
10002011	22284050	96771939	112	0	2015-04-12	狼图腾
10002011	22284050	96771939	112	1	2015-04-12	狼图腾
10002011	22284050	96772129	112	0	2015-04-12	狼图腾
10002011	22284050	96772423	112	0	2015-04-12	狼图腾
10002011	22284050	96772423	112	1	2015-04-12	狼图腾
10002011	22284050	96774528	112	1	2015-04-12	狼图腾
10002011	22284050	96776182	112	0	2015-04-12	狼图腾
10002011	22284050	96776392	112	0	2015-04-12	狼图腾
10002011	22284050	96776392	112	1	2015-04-12	狼图腾
10002011	22284050	96777892	112	0	2015-04-12	狼图腾
10002011	22284050	96777892	112	1	2015-04-12	狼图腾
10002011	22284050	96778260	112	0	2015-04-12	狼图腾
10002011	22284050	96778260	112	1	2015-04-12	狼图腾
10002011	22284050	96778889	112	0	2015-04-12	狼图腾
10002011	22284050	96779371	112	0	2015-04-12	狼图腾
10002011	22284050	96779594	112	0	2015-04-12	狼图腾
10002011	22284050	96779726	112	0	2015-04-12	狼图腾
10002011	22284050	96780571	112	0	2015-04-12	狼图腾
10002011	22284050	96780571	112	1	2015-04-12	狼图腾
10002011	22284050	96782063	112	0	2015-04-12	狼图腾
10002011	22284050	96782063	112	1	2015-04-12	狼图腾
10002011	22284050	96782972	112	0	2015-04-12	狼图腾
10002011	22284050	96782972	112	1	2015-04-12	狼图腾
10002011	22284050	96783223	112	0	2015-04-12	狼图腾
10002011	22284050	96783223	112	1	2015-04-12	狼图腾
10002011	22284050	96783276	112	0	2015-04-12	狼图腾
10002011	22284050	96783276	112	1	2015-04-12	狼图腾
10002011	22284050	96783442	112	0	2015-04-12	狼图腾
10002011	22284050	96783442	112	1	2015-04-12	狼图腾
10002011	22284050	96785094	112	0	2015-04-12	狼图腾
10002011	22284050	96785094	112	1	2015-04-12	狼图腾
10002011	22284050	96785434	112	0	2015-04-12	狼图腾
10002011	22284050	96785434	112	1	2015-04-12	狼图腾
10002011	22284050	96785570	112	0	2015-04-12	狼图腾
