20170209	32412	18385	112	ref=ym03088
20170209	8180	4644	112	ref=PC_ClientUserCenter
20170209	5096	4048	112	ref=tips
20170209	5253	3273	112	ref=Video_26322741
20170209	2494	2087	112	ref=ym03089
20170209	2911	1987	112	ref=ad0712
20170209	3358	1858	112	ref=Video_27468658
20170209	2103	1403	112	ref=Video_27125559
20170209	1987	1173	112	ref=Video_26880819
20170209	1401	725	112	ref=bfq03
20170209	724	529	112	ref=Video_27528955
20170209	559	454	112	ref=yhzxkt
20170209	446	305	112	ref=Video_24864947
20170209	354	258	112	ref=Video_27526676
20170209	371	254	112	ref=Video_26809864
20170209	356	248	112	ref=Video_27607776
20170209	309	232	112	ref=hypddlk
20170209	296	227	112	ref=playpic
20170209	376	225	112	ref=Video_27529133
20170209	297	216	112	ref=Video_27097984
20170209	317	209	112	ref=Video_25394710
20170209	281	207	112	ref=p1080p
20170209	279	197	112	ref=Video_27561957
20170209	213	182	112	ref=mybfywz
20170209	196	174	112	ref=ym0001
20170209	212	172	112	ref=hypddl
20170209	235	172	112	ref=Video_26646630
20170209	238	163	112	ref=Video_27528772
20170209	221	156	112	ref=Video_23030339
20170209	227	149	112	ref=Video_25396497
20170209	197	149	112	ref=Video_24334730
20170209	215	148	112	ref=Video_20052206
20170209	201	145	112	ref=dysy
20170209	225	139	112	ref=Video_24518487
20170209	227	139	112	ref=Video_23656382
20170209	193	133	112	ref=sosp0001
20170209	179	132	112	ref=Video_27564690
20170209	209	132	112	ref=Video_27613575
20170209	185	129	112	ref=Video_26269800
20170209	177	128	112	ref=Video_25843440
20170209	204	124	112	ref=Video_26647429
20170209	138	124	112	ref=pchyzx_v
20170209	152	121	112	ref=Video_2029734
20170209	195	117	112	ref=Video_22588594
20170209	196	117	112	ref=Video_27098096
20170209	123	116	112	ref=ym0208
20170209	138	111	112	ref=Video_2029035
20170209	181	110	112	ref=Video_2031640
20170209	156	108	112	ref=Video_24139437
20170209	150	106	112	ref=Video_23174755
20170209	162	105	112	ref=Video_27286840
20170209	168	104	112	ref=Video_20052195
20170209	128	100	112	ref=Video_27387771
20170209	113	97	112	ref=Video_27067193
20170209	151	96	112	ref=Video_25975983
20170209	153	94	112	ref=Video_2245729
20170209	126	93	112	ref=pfuceng
20170209	164	93	112	ref=Video_26091162
20170209	123	91	112	ref=myxfqp
20170209	126	90	112	ref=Video_23609620
20170209	138	89	112	ref=Video_27490402
20170209	115	89	112	ref=Video_24163206
20170209	140	88	112	ref=Video_27033501
20170209	132	88	112	ref=Video_26325168
20170209	115	84	112	ref=Video_27067213
20170209	114	80	112	ref=Video_24122418
20170209	101	80	112	ref=Video_27145268
20170209	107	79	112	ref=Video_26142511
20170209	100	73	112	ref=Video_2128395
20170209	123	72	112	ref=Video_26832842
20170209	107	70	112	ref=Video_26203529
20170209	102	69	112	ref=Video_27544900
20170209	87	66	112	ref=Video_27608404
20170209	86	65	112	ref=Video_25990308
20170209	78	64	112	ref=Video_25045579
20170209	87	63	112	ref=Video_26946411
20170209	113	63	112	ref=Video_26733818
20170209	91	63	112	ref=Video_27528557
20170209	65	61	112	ref=hytc_pc
20170209	103	61	112	ref=Video_1522765
20170209	117	60	112	ref=Video_2245716
20170209	91	60	112	ref=Video_26263483
20170209	85	56	112	ref=Video_21180053
20170209	73	55	112	ref=Video_26146229
20170209	82	52	112	ref=Video_2029603
20170209	80	52	112	ref=Video_21037801
20170209	79	51	112	ref=Video_26233136
20170209	71	50	112	ref=Video_27490554
20170209	67	50	112	ref=Video_1965841
20170209	67	49	112	ref=Video_20243316
20170209	71	48	112	ref=Video_2245740
20170209	49	48	112	ref=Video_1573869
20170209	72	46	112	ref=Video_25404497
20170209	66	45	112	ref=Video_26368323
20170209	66	45	112	ref=Video_23871243
20170209	78	45	112	ref=Video_27514080
20170209	59	45	112	ref=Video_24646619
20170209	78	44	112	ref=Video_26209059
20170209	78	44	112	ref=Video_21022626
20170209	76	43	112	ref=Video_2031318
20170209	44	43	112	ref=u04
20170209	74	43	112	ref=Video_25124546
20170209	78	43	112	ref=Video_25132277
20170209	60	42	112	ref=Video_27006200
20170209	63	41	112	ref=Video_27323432
20170209	66	41	112	ref=Video_27528386
20170209	179	40	112	ref=m_kthy
20170209	68	39	112	ref=Video_25776997
20170209	67	38	112	ref=Video_2175107
20170209	45	38	112	ref=Video_26204474
20170209	70	38	112	ref=Video_27045797
20170209	50	38	112	ref=Video_27390316
20170209	54	37	112	ref=Video_26263148
20170209	53	37	112	ref=Video_27085339
20170209	53	36	112	ref=Video_20101408
20170209	57	36	112	ref=Video_23981393
20170209	48	36	112	ref=Video_26733016
20170209	54	34	112	ref=Video_2030596
20170209	59	34	112	ref=Video_25830228
20170209	49	34	112	ref=Video_27174062
20170209	62	33	112	ref=Video_27514940
20170209	58	32	112	ref=Video_1614379
20170209	46	32	112	ref=Video_27530522
20170209	42	31	112	ref=Video_26353299
20170209	48	31	112	ref=Video_1956549
20170209	34	29	112	ref=Video_27287678
20170209	43	29	112	ref=Video_27546080
20170209	37	29	112	ref=Video_25789798
20170209	42	29	112	ref=Video_24600368
20170209	41	29	112	ref=Video_24020484
20170209	40	28	112	ref=Video_21184108
20170209	36	28	112	ref=Video_21626548
20170209	47	28	112	ref=Video_27527712
20170209	46	28	112	ref=Video_22521641
20170209	50	28	112	ref=Video_24258130
20170209	37	27	112	ref=Video_10023991
20170209	39	27	112	ref=Video_26473004
20170209	35	27	112	ref=Video_27383472
20170209	34	26	112	ref=Video_1675789
20170209	40	26	112	ref=Video_21178793
20170209	34	26	112	ref=Video_27622801
20170209	37	26	112	ref=Video_27361651
20170209	33	25	112	ref=Video_26360433
20170209	28	25	112	ref=Video_27529885
20170209	32	25	112	ref=Video_27528055
20170209	27	25	112	ref=wyjsqp
20170209	37	25	112	ref=Video_27527875
20170209	32	25	112	ref=Video_27530273
20170209	42	25	112	ref=Video_23162313
20170209	34	25	112	ref=Video_2061829
20170209	36	25	112	ref=Video_27467040
20170209	30	25	112	ref=Video_24212846
20170209	35	24	112	ref=Video_27529551
20170209	35	24	112	ref=Video_27042044
20170209	28	24	112	ref=Video_26174285
20170209	37	24	112	ref=Video_20946958
20170209	33	24	112	ref=http
20170209	50	23	112	ref=Video_25407071
20170209	32	23	112	ref=Video_20114275
20170209	33	23	112	ref=Video_27290785
20170209	35	23	112	ref=Video_2061685
20170209	46	22	112	ref=Video_23509398
20170209	30	22	112	ref=Video_27515562
20170209	31	22	112	ref=Video_10031166
20170209	31	22	112	ref=Video_26353677
20170209	26	22	112	ref=Video_27561885
20170209	36	22	112	ref=Video_20114359
20170209	23	22	112	ref=vneh_pc
20170209	30	22	112	ref=Video_27527429
20170209	39	22	112	ref=Video_22855727
20170209	30	22	112	ref=Video_25436226
20170209	30	22	112	ref=Video_2030617
20170209	41	21	112	ref=Video_20930259
20170209	33	21	112	ref=Video_27383365
20170209	36	21	112	ref=Video_2020271
20170209	26	20	112	ref=Video_20988474
20170209	31	20	112	ref=Video_26544753
20170209	27	20	112	ref=Video_20912863
20170209	31	20	112	ref=Video_22566172
20170209	26	20	112	ref=Video_25653099
20170209	31	20	112	ref=Video_1572873
20170209	33	20	112	ref=Video_24622369
20170209	22	20	112	ref=Video_2061364
20170209	20	19	112	ref=Video_1948483
20170209	31	19	112	ref=Video_27064974
20170209	31	19	112	ref=Video_2028193
20170209	27	19	112	ref=Video_21185945
20170209	32	19	112	ref=Video_2019816
20170209	20	18	112	ref=Video_1965528
20170209	25	18	112	ref=Video_26350681
20170209	31	18	112	ref=Video_27602883
20170209	23	18	112	ref=Video_27320974
20170209	22	17	112	ref=Video_26922354
20170209	19	17	112	ref=pcwdlhzt
20170209	22	17	112	ref=Video_22851273
20170209	27	17	112	ref=Video_26477882
20170209	22	16	112	ref=Video_2030915
20170209	21	16	112	ref=Video_27288841
20170209	28	16	112	ref=Video_26733448
20170209	25	16	112	ref=Video_25170391
20170209	24	16	112	ref=Video_27383424
20170209	25	16	112	ref=Video_25752063
20170209	19	16	112	ref=Video_27527266
20170209	26	16	112	ref=Video_26411722
20170209	23	16	112	ref=Video_22532116
20170209	22	15	112	ref=Video_22261029
20170209	20	15	112	ref=Video_2030595
20170209	23	15	112	ref=Video_22261367
20170209	24	15	112	ref=Video_27110776
20170209	33	15	112	ref=Video_22858232
20170209	17	15	112	ref=0923hyfls_pc
20170209	18	15	112	ref=Video_21519371
20170209	23	15	112	ref=Video_2061444
20170209	21	15	112	ref=Video_22731666
20170209	24	15	112	ref=Video_27095282
20170209	23	15	112	ref=Video_27526877
20170209	20	14	112	ref=Video_26899728
20170209	19	14	112	ref=Video_26142583
20170209	16	14	112	ref=360hsfzc1
20170209	16	14	112	ref=Video_27277072
20170209	22	14	112	ref=Video_2029755
20170209	26	14	112	ref=Video_25667818
20170209	26	14	112	ref=Video_1526426
20170209	22	14	112	ref=Video_26068764
20170209	27	14	112	ref=Video_21288809
20170209	24	14	112	ref=Video_25528921
20170209	17	13	112	ref=Video_27327704
20170209	16	13	112	ref=Video_1609062
20170209	19	13	112	ref=Video_2234062
20170209	33	13	112	ref=Video_2057327
20170209	22	13	112	ref=Video_22739450
20170209	19	13	112	ref=Video_26204522
20170209	17	13	112	ref=Video_27098214
20170209	16	13	112	ref=Video_26488098
20170209	16	12	112	ref=Video_1508450
20170209	14	12	112	ref=Video_2089651
20170209	19	12	112	ref=Video_22873702
20170209	13	12	112	ref=Video_27124548
20170209	12	12	112	ref=wyjsyd
20170209	14	12	112	ref=hyzxtc
20170209	21	12	112	ref=Video_20949334
20170209	18	12	112	ref=Video_27424344
20170209	24	11	112	ref=Video_21254589
20170209	13	11	112	ref=Video_2019855
20170209	13	11	112	ref=Video_27526973
20170209	22	11	112	ref=Video_2064419
20170209	20	11	112	ref=Video_2057346
20170209	15	11	112	ref=Video_1934476
20170209	14	11	112	ref=Video_27561943
20170209	19	11	112	ref=Video_22887359
20170209	17	11	112	ref=Video_2053575
20170209	14	11	112	ref=Video_2030275
20170209	17	10	112	ref=Video_22530001
20170209	13	10	112	ref=Video_2105141
20170209	14	10	112	ref=Video_27088423
20170209	14	10	112	ref=Video_27506451
20170209	15	10	112	ref=Video_25789675
20170209	12	10	112	ref=Video_2059235
20170209	16	10	112	ref=Video_1522574
20170209	12	10	112	ref=Video_23645984
20170209	15	10	112	ref=Video_1475971
20170209	14	10	112	ref=Video_26647135
20170209	13	10	112	ref=Video_2040279
20170209	31	10	112	ref=Video_25663499
20170209	32	10	112	ref=Video_26413097
20170209	11	10	112	ref=Video_26879025
20170209	22	10	112	ref=Video_26263762
20170209	19	10	112	ref=Video_27527081
20170209	14	10	112	ref=Video_1483918
20170209	13	10	112	ref=Video_23065179
20170209	14	10	112	ref=Video_27490699
20170209	16	10	112	ref=Video_27324316
20170209	12	9	112	ref=Video_22531532
20170209	19	9	112	ref=Video_22695405
20170209	15	9	112	ref=Video_25744269
20170209	22	9	112	ref=Video_27262756
20170209	22	9	112	ref=Video_2001602
20170209	16	9	112	ref=Video_20932500
20170209	12	9	112	ref=Video_1610792
20170209	15	9	112	ref=Video_27527520
20170209	10	9	112	ref=Video_2032611
20170209	9	9	112	ref=Video_27527598
20170209	13	9	112	ref=Video_27383269
20170209	13	9	112	ref=Video_1970348
20170209	12	9	112	ref=Video_27466670
20170209	10	9	112	ref=Video_26060830
20170209	11	9	112	ref=Video_27145271
20170209	9	9	112	ref=tqtoutu
20170209	13	9	112	ref=Video_26737961
20170209	14	9	112	ref=Video_27031873
20170209	12	9	112	ref=Video_27483299
20170209	18	9	112	ref=Video_20580001
20170209	12	8	112	ref=Video_27124399
20170209	11	8	112	ref=Video_27174317
20170209	12	8	112	ref=Video_26623418
20170209	9	8	112	ref=Video_1624949
20170209	8	8	112	ref=Video_25626752
20170209	9	8	112	ref=Video_26671386
20170209	10	8	112	ref=Video_26122088
20170209	11	8	112	ref=hdjhytl
20170209	23	8	112	ref=Video_20949983
20170209	8	8	112	ref=dyrk01
20170209	13	8	112	ref=Video_25995833
20170209	8	8	112	ref=Video_2036271
20170209	11	8	112	ref=Video_22851203
20170209	16	8	112	ref=Video_25663773
20170209	11	8	112	ref=Video_1572669
20170209	17	8	112	ref=Video_25406928
20170209	8	8	112	ref=Video_27011123
20170209	11	8	112	ref=Video_25446311
20170209	11	8	112	ref=Video_25913741
20170209	11	8	112	ref=Video_2038259
20170209	8	8	112	ref=Video_26453330
20170209	19	8	112	ref=Video_27472482
20170209	12	8	112	ref=Video_25608538
20170209	8	8	112	ref=Video_22857933
20170209	13	8	112	ref=Video_22857862
20170209	8	8	112	ref=Video_24559069
20170209	12	8	112	ref=Video_27260868
20170209	12	8	112	ref=Video_27547077
20170209	13	8	112	ref=Video_26647846
20170209	11	7	112	ref=Video_2057328
20170209	10	7	112	ref=Video_25108481
20170209	8	7	112	ref=Video_22731171
20170209	12	7	112	ref=Video_27608255
20170209	8	7	112	ref=Video_26680202
20170209	18	7	112	ref=Video_27286729
20170209	8	7	112	ref=Video_22999230
20170209	18	7	112	ref=Video_21113681
20170209	12	7	112	ref=Video_21206702
20170209	19	7	112	ref=Video_2094698
20170209	9	7	112	ref=Video_26145262
20170209	15	7	112	ref=Video_21038037
20170209	8	7	112	ref=hypdhyzxtq
20170209	9	7	112	ref=Video_26032746
20170209	11	7	112	ref=Video_1505422
20170209	10	7	112	ref=Video_1597471
20170209	12	7	112	ref=Video_25645907
20170209	8	7	112	ref=Video_2021527
20170209	31	7	112	ref=bfy04
20170209	8	7	112	ref=Video_22283753
20170209	7	6	112	ref=Video_22261763
20170209	10	6	112	ref=Video_27118294
20170209	9	6	112	ref=Video_22731595
20170209	6	6	112	ref=Video_27466759
20170209	8	6	112	ref=Video_27280081
20170209	12	6	112	ref=Video_26597598
20170209	7	6	112	ref=Video_26512609
20170209	14	6	112	ref=Video_27511765
20170209	6	6	112	ref=Video_27522948
20170209	7	6	112	ref=Video_27342537
20170209	6	6	112	ref=Video_22486536
20170209	7	6	112	ref=Video_26007961
20170209	13	6	112	ref=Video_27098395
20170209	12	6	112	ref=Video_27547072
20170209	7	6	112	ref=Video_25827862
20170209	7	6	112	ref=Video_23065336
20170209	8	6	112	ref=Video_20253269
20170209	6	6	112	ref=Video_24075129
20170209	6	6	112	ref=dyrk02
20170209	10	6	112	ref=Video_22521003
20170209	12	6	112	ref=Video_20950447
20170209	6	6	112	ref=Video_20114310
20170209	6	6	112	ref=Video_2030343
20170209	9	6	112	ref=Video_22283276
20170209	7	6	112	ref=Video_2029801
20170209	10	6	112	ref=Video_1907458
20170209	12	6	112	ref=Video_2061469
20170209	12	6	112	ref=Video_27333154
20170209	7	6	112	ref=Video_27400492
20170209	9	6	112	ref=Video_26304679
20170209	6	6	112	ref=Video_21354368
20170209	7	6	112	ref=Video_27400782
20170209	7	6	112	ref=Video_2038244
20170209	8	6	112	ref=Video_26127692
20170209	8	6	112	ref=Video_1636347
20170209	13	6	112	ref=Video_24557252
20170209	12	6	112	ref=Video_27511597
20170209	7	6	112	ref=Video_26598372
20170209	7	6	112	ref=Video_22566369
20170209	7	6	112	ref=Video_1573841
20170209	5	5	112	ref=Video_27174220
20170209	7	5	112	ref=Video_27277816
20170209	7	5	112	ref=Video_27131185
20170209	5	5	112	ref=Video_2245714
20170209	6	5	112	ref=Video_22531832
20170209	10	5	112	ref=Video_22857070
20170209	5	5	112	ref=Video_24504407
20170209	6	5	112	ref=Video_25406359
20170209	6	5	112	ref=Video_25431752
20170209	6	5	112	ref=Video_26118074
20170209	5	5	112	ref=Video_26142630
20170209	8	5	112	ref=ym0203
20170209	8	5	112	ref=Video_24220679
20170209	5	5	112	ref=tqquanping
20170209	6	5	112	ref=Video_22690166
20170209	8	5	112	ref=Video_1960586
20170209	9	5	112	ref=Video_2061436
20170209	13	5	112	ref=Video_21174284
20170209	5	5	112	ref=Video_20104051
20170209	5	5	112	ref=Video_20950134
20170209	8	5	112	ref=Video_1950128
20170209	8	5	112	ref=Video_24494794
20170209	5	5	112	ref=Video_24927126
20170209	7	5	112	ref=Video_27547056
20170209	11	5	112	ref=Video_27467271
20170209	5	5	112	ref=Video_27098314
20170209	6	5	112	ref=Video_27176422
20170209	9	5	112	ref=Video_27338380
20170209	6	5	112	ref=Video_26871149
20170209	5	5	112	ref=Video_26752330
20170209	8	5	112	ref=Video_27547081
20170209	5	5	112	ref=pcztzf
20170209	14	5	112	ref=Video_1934493
20170209	9	5	112	ref=Video_20114300
20170209	11	5	112	ref=Video_26036010
20170209	6	5	112	ref=Video_27464712
20170209	5	5	112	ref=Video_2029645
20170209	12	5	112	ref=Video_21128214
20170209	12	5	112	ref=Video_25214621
20170209	7	5	112	ref=Video_21245895
20170209	5	5	112	ref=Video_24821774
20170209	7	5	112	ref=Video_22713847
20170209	9	5	112	ref=Video_22863477
20170209	5	5	112	ref=Video_23065275
20170209	18	5	112	ref=Video_22881072
20170209	7	5	112	ref=Video_25856871
20170209	10	5	112	ref=Video_26142679
20170209	7	5	112	ref=Video_26146175
20170209	29	5	112	ref=Video_26622117
20170209	10	5	112	ref=Video_2100731
20170209	6	5	112	ref=Video_27098491
20170209	5	4	112	ref=Video_26142463
20170209	5	4	112	ref=Video_23573942
20170209	4	4	112	ref=Video_26142819
20170209	5	4	112	ref=Video_20095645
20170209	6	4	112	ref=qrjh5
20170209	4	4	112	ref=Video_359024
20170209	11	4	112	ref=100000005
20170209	4	4	112	ref=Video_27038137
20170209	6	4	112	ref=Video_10023990
20170209	11	4	112	ref=Video_27342911
20170209	10	4	112	ref=Video_27507223
20170209	6	4	112	ref=Video_24790714
20170209	6	4	112	ref=Video_1508456
20170209	9	4	112	ref=Video_27103349
20170209	5	4	112	ref=Video_27278992
20170209	4	4	112	ref=Video_27041587
20170209	6	4	112	ref=Video_25183936
20170209	4	4	112	ref=Video_26734009
20170209	12	4	112	ref=Video_25409282
20170209	7	4	112	ref=Video_26682647
20170209	7	4	112	ref=Video_26657582
20170209	5	4	112	ref=Video_27493235
20170209	8	4	112	ref=Video_25665345
20170209	5	4	112	ref=Video_26062317
20170209	6	4	112	ref=Video_25407643
20170209	5	4	112	ref=Video_10026420
20170209	7	4	112	ref=Video_1980729
20170209	9	4	112	ref=Video_22651359
20170209	8	4	112	ref=Video_21235395
20170209	4	4	112	ref=Video_1629772
20170209	9	4	112	ref=Video_20143557
20170209	4	4	112	ref=Video_21245276
20170209	5	4	112	ref=Video_22712413
20170209	4	4	112	ref=Video_26146878
20170209	4	4	112	ref=Video_2027722
20170209	4	4	112	ref=Video_1941091
20170209	6	4	112	ref=Video_2006437
20170209	6	4	112	ref=Video_22950946
20170209	5	4	112	ref=Video_1573880
20170209	4	4	112	ref=Video_21235400
20170209	4	4	112	ref=Video_25405455
20170209	5	4	112	ref=Video_21186199
20170209	6	4	112	ref=Video_25419469
20170209	5	4	112	ref=Video_1948674
20170209	7	4	112	ref=Video_27287371
20170209	7	4	112	ref=Video_25663049
20170209	4	4	112	ref=Video_27237862
20170209	7	4	112	ref=Video_1573900
20170209	7	4	112	ref=Video_27289115
20170209	5	4	112	ref=Video_2100722
20170209	4	4	112	ref=Video_25987526
20170209	5	4	112	ref=Video_25813127
20170209	4	4	112	ref=Video_1505108
20170209	8	4	112	ref=Video_20948379
20170209	4	4	112	ref=Video_26940092
20170209	4	4	112	ref=Video_25656370
20170209	19	4	112	ref=Video_27067215
20170209	7	4	112	ref=Video_2059328
20170209	6	4	112	ref=Video_25653468
20170209	10	4	112	ref=Video_22921465
20170209	6	4	112	ref=Video_27207985
20170209	5	4	112	ref=Video_27124340
20170209	9	4	112	ref=Video_2036374
20170209	4	4	112	ref=tqyidong
20170209	4	4	112	ref=Video_21588386
20170209	4	4	112	ref=Video_25408482
20170209	5	4	112	ref=Video_23034525
20170209	5	4	112	ref=Video_23035439
20170209	4	4	112	ref=Video_25757115
20170209	5	4	112	ref=Video_25773649
20170209	5	4	112	ref=Video_25782793
20170209	9	4	112	ref=Video_26092801
20170209	13	3	112	ref=zfqz
20170209	4	3	112	ref=Video_27399751
20170209	7	3	112	ref=Video_27342654
20170209	6	3	112	ref=Video_27099169
20170209	3	3	112	ref=Video_26647582
20170209	4	3	112	ref=Video_26202616
20170209	4	3	112	ref=Video_26185698
20170209	3	3	112	ref=Video_26146146
20170209	3	3	112	ref=Video_25753003
20170209	11	3	112	ref=Video_25663134
20170209	3	3	112	ref=Video_25418546
20170209	3	3	112	ref=Video_24495175
20170209	3	3	112	ref=Video_22921600
20170209	3	3	112	ref=Video_22521401
20170209	5	3	112	ref=Video_21128082
20170209	6	3	112	ref=Video_21004714
20170209	3	3	112	ref=Video_2088693
20170209	4	3	112	ref=Video_2062097
20170209	10	3	112	ref=Video_2032365
20170209	3	3	112	ref=Video_2029611
20170209	3	3	112	ref=Video_1949076
20170209	5	3	112	ref=Video_1506464
20170209	4	3	112	ref=index_focus_7
20170209	6	3	112	ref=Video_27510524
20170209	4	3	112	ref=Video_27290687
20170209	3	3	112	ref=Video_27207779
20170209	3	3	112	ref=Video_27175540
20170209	4	3	112	ref=Video_27065538
20170209	4	3	112	ref=Video_26592752
20170209	4	3	112	ref=Video_26146306
20170209	4	3	112	ref=Video_26144029
20170209	6	3	112	ref=Video_26053273
20170209	3	3	112	ref=Video_26034364
20170209	3	3	112	ref=Video_25976045
20170209	6	3	112	ref=Video_25644818
20170209	3	3	112	ref=Video_23890800
20170209	3	3	112	ref=Video_22957695
20170209	3	3	112	ref=Video_21615796
20170209	3	3	112	ref=Video_20948865
20170209	10	3	112	ref=Video_1983350
20170209	4	3	112	ref=Video_1940078
20170209	3	3	112	ref=Video_1471146
20170209	6	3	112	ref=Video_27622597
20170209	13	3	112	ref=Video_27145998
20170209	6	3	112	ref=Video_27041867
20170209	6	3	112	ref=Video_26647471
20170209	4	3	112	ref=Video_26508867
20170209	3	3	112	ref=Video_26195892
20170209	4	3	112	ref=Video_26084205
20170209	6	3	112	ref=Video_25958841
20170209	3	3	112	ref=Video_25230483
20170209	3	3	112	ref=Video_24245002
20170209	3	3	112	ref=Video_23411468
20170209	3	3	112	ref=Video_23031956
20170209	5	3	112	ref=Video_21534975
20170209	3	3	112	ref=Video_2100825
20170209	4	3	112	ref=Video_1985474
20170209	3	3	112	ref=pf0601
20170209	3	3	112	ref=bfq01
20170209	6	3	112	ref=ad0704
20170209	3	3	112	ref=Video_27556982
20170209	3	3	112	ref=Video_27549697
20170209	3	3	112	ref=Video_27546334
20170209	3	3	112	ref=Video_27506446
20170209	3	3	112	ref=Video_27401127
20170209	3	3	112	ref=Video_27224791
20170209	3	3	112	ref=Video_27124152
20170209	3	3	112	ref=Video_27123473
20170209	3	3	112	ref=Video_26647515
20170209	4	3	112	ref=Video_26453493
20170209	6	3	112	ref=Video_26427230
20170209	4	3	112	ref=Video_26358462
20170209	3	3	112	ref=Video_26143019
20170209	5	3	112	ref=Video_25975986
20170209	6	3	112	ref=Video_25871355
20170209	7	3	112	ref=Video_24981702
20170209	5	3	112	ref=Video_24837982
20170209	4	3	112	ref=Video_23385732
20170209	4	3	112	ref=Video_23029066
20170209	6	3	112	ref=Video_22892668
20170209	5	3	112	ref=Video_22645559
20170209	5	3	112	ref=Video_21186444
20170209	3	3	112	ref=Video_20956288
20170209	8	3	112	ref=Video_2044282
20170209	5	3	112	ref=Video_2030782
20170209	4	3	112	ref=Video_1940008
20170209	3	3	112	ref=Video_1641802
20170209	3	3	112	ref=pbianlan
20170209	4	3	112	ref=bdvsf
20170209	3	3	112	ref=Video_27337852
20170209	6	3	112	ref=Video_27336998
20170209	3	3	112	ref=Video_27255290
20170209	4	3	112	ref=Video_27211158
20170209	3	3	112	ref=Video_27123269
20170209	3	3	112	ref=Video_27098574
20170209	3	3	112	ref=Video_26848619
20170209	3	3	112	ref=Video_26834227
20170209	5	3	112	ref=Video_26734197
20170209	4	3	112	ref=Video_26647711
20170209	3	3	112	ref=Video_26303357
20170209	3	3	112	ref=Video_26148396
20170209	4	3	112	ref=Video_26143819
20170209	4	3	112	ref=Video_26143729
20170209	3	3	112	ref=Video_25667760
20170209	4	3	112	ref=Video_25411425
20170209	3	3	112	ref=Video_25410714
20170209	4	3	112	ref=Video_24494026
20170209	5	3	112	ref=Video_23194160
20170209	4	3	112	ref=Video_23162219
20170209	4	3	112	ref=Video_23085602
20170209	3	3	112	ref=Video_22728898
20170209	3	3	112	ref=Video_21264369
20170209	3	3	112	ref=Video_21063740
20170209	3	3	112	ref=Video_20052211
20170209	3	3	112	ref=Video_20009728
20170209	3	3	112	ref=Video_1559834
20170209	2	2	112	ref=Video_21411369
20170209	2	2	112	ref=Video_26262324
20170209	2	2	112	ref=Video_27123990
20170209	4	2	112	ref=Video_26151615
20170209	3	2	112	ref=Video_21639821
20170209	2	2	112	ref=Video_2252701
20170209	2	2	112	ref=Video_26037108
20170209	3	2	112	ref=Video_25778251
20170209	2	2	112	ref=Video_22840725
20170209	3	2	112	ref=Video_25417701
20170209	2	2	112	ref=Video_22851269
20170209	2	2	112	ref=Video_24358089
20170209	2	2	112	ref=Video_22286664
20170209	3	2	112	ref=Video_23973465
20170209	2	2	112	ref=Video_23220424
20170209	3	2	112	ref=Video_2211158
20170209	7	2	112	ref=Video_22899626
20170209	2	2	112	ref=Video_24220852
20170209	2	2	112	ref=Video_22881139
20170209	4	2	112	ref=Video_22873575
20170209	4	2	112	ref=Video_22650806
20170209	2	2	112	ref=Video_22586745
20170209	2	2	112	ref=Video_24880481
20170209	2	2	112	ref=Video_24915851
20170209	4	2	112	ref=Video_24935647
20170209	3	2	112	ref=Video_21581496
20170209	2	2	112	ref=Video_21527806
20170209	3	2	112	ref=Video_21316184
20170209	3	2	112	ref=Video_24943756
20170209	2	2	112	ref=Video_25407483
20170209	2	2	112	ref=Video_27124269
20170209	2	2	112	ref=Video_25612471
20170209	2	2	112	ref=Video_25812636
20170209	4	2	112	ref=Video_25872527
20170209	6	2	112	ref=Video_2026463
20170209	2	2	112	ref=Video_20113342
20170209	2	2	112	ref=Video_20113324
20170209	4	2	112	ref=Video_26142747
20170209	3	2	112	ref=Video_27124476
20170209	2	2	112	ref=Video_1973120
20170209	2	2	112	ref=Video_1934704
20170209	2	2	112	ref=Video_26148566
20170209	4	2	112	ref=Video_1615316
20170209	2	2	112	ref=Video_1557294
20170209	2	2	112	ref=Video_26368445
20170209	2	2	112	ref=Video_26647616
20170209	2	2	112	ref=Video_26671646
20170209	6	2	112	ref=Video_27146783
20170209	2	2	112	ref=Video_27205246
20170209	2	2	112	ref=Video_21111525
20170209	4	2	112	ref=Video_27506450
20170209	2	2	112	ref=Video_27473083
20170209	3	2	112	ref=Video_27461955
20170209	2	2	112	ref=Video_27067194
20170209	2	2	112	ref=Video_27067216
20170209	2	2	112	ref=Video_27084451
20170209	2	2	112	ref=Video_27287963
20170209	4	2	112	ref=Video_27245806
20170209	2	2	112	ref=Video_27235023
20170209	3	2	112	ref=Video_20932598
20170209	2	2	112	ref=Video_27174968
20170209	2	2	112	ref=Video_27146978
20170209	2	2	112	ref=Video_20756076
20170209	2	2	112	ref=Video_2061588
20170209	4	2	112	ref=Video_27123289
20170209	7	2	112	ref=Video_27262336
20170209	3	2	112	ref=Video_27305379
20170209	8	2	112	ref=Video_27308781
20170209	2	2	112	ref=Video_27320999
20170209	3	2	112	ref=Video_26734248
20170209	4	2	112	ref=Video_26734112
20170209	4	2	112	ref=Video_26688457
20170209	2	2	112	ref=Video_27369261
20170209	2	2	112	ref=Video_27373077
20170209	2	2	112	ref=Video_27490824
20170209	4	2	112	ref=Video_27506452
20170209	5	2	112	ref=Video_27511203
20170209	2	2	112	ref=Video_2047881
20170209	2	2	112	ref=Video_27520663
20170209	2	2	112	ref=Video_20394721
20170209	2	2	112	ref=Video_26422316
20170209	4	2	112	ref=Video_2039097
20170209	2	2	112	ref=Video_26352215
20170209	3	2	112	ref=Video_27530815
20170209	2	2	112	ref=Video_26321985
20170209	2	2	112	ref=Video_26312872
20170209	2	2	112	ref=Video_27533295
20170209	2	2	112	ref=Video_27611112
20170209	2	2	112	ref=Video_26142470
20170209	2	2	112	ref=Video_25976057
20170209	3	2	112	ref=Video_25975995
20170209	3	2	112	ref=Video_2032503
20170209	2	2	112	ref=Video_25769106
20170209	2	2	112	ref=Video_25664305
20170209	2	2	112	ref=Video_1506252
20170209	4	2	112	ref=Video_25106755
20170209	3	2	112	ref=Video_24828441
20170209	3	2	112	ref=Video_1607552
20170209	6	2	112	ref=Video_24170126
20170209	10	2	112	ref=Video_24027189
20170209	2	2	112	ref=Video_27466468
20170209	2	2	112	ref=Video_23264560
20170209	2	2	112	ref=Video_23181238
20170209	2	2	112	ref=Video_23036194
20170209	4	2	112	ref=Video_22958647
20170209	6	2	112	ref=Video_22932870
20170209	2	2	112	ref=Video_22856627
20170209	2	2	112	ref=Video_2030407
20170209	3	2	112	ref=Video_2034908
20170209	3	2	112	ref=Video_2059104
20170209	2	2	112	ref=Video_21445883
20170209	2	2	112	ref=Video_20931590
20170209	2	2	112	ref=Video_20948254
20170209	2	2	112	ref=baofengyd
20170209	3	2	112	ref=Video_20989975
20170209	2	2	112	ref=Video_21062752
20170209	2	2	112	ref=Video_2025317
20170209	2	2	112	ref=Video_21185156
20170209	2	2	112	ref=Video_2064474
20170209	2	2	112	ref=Video_2061481
20170209	2	2	112	ref=Video_2158032
20170209	5	2	112	ref=Video_21615590
20170209	8	2	112	ref=Video_22521217
20170209	2	2	112	ref=dsjychy_pc
20170209	4	2	112	ref=Video_22645413
20170209	3	2	112	ref=Video_22714204
20170209	5	2	112	ref=Video_22900013
20170209	6	2	112	ref=Video_20116460
20170209	3	2	112	ref=Video_20103504
20170209	4	2	112	ref=Video_1965862
20170209	2	2	112	ref=Video_10029595
20170209	3	2	112	ref=Video_23032052
20170209	2	2	112	ref=ym0301
20170209	2	2	112	ref=sc03
20170209	2	2	112	ref=Video_23761918
20170209	2	2	112	ref=Video_23981167
20170209	2	2	112	ref=Video_27547084
20170209	2	2	112	ref=Video_27546229
20170209	6	2	112	ref=Video_24453121
20170209	2	2	112	ref=Video_25407237
20170209	5	2	112	ref=Video_27491207
20170209	2	2	112	ref=Video_27424440
20170209	7	2	112	ref=zdxf
20170209	4	2	112	ref=Video_25667725
20170209	2	2	112	ref=Video_1965653
20170209	3	2	112	ref=Video_27174777
20170209	3	2	112	ref=Video_27123511
20170209	2	2	112	ref=Video_25763831
20170209	2	2	112	ref=Video_27067208
20170209	2	2	112	ref=Video_25765866
20170209	2	2	112	ref=Video_26778612
20170209	2	2	112	ref=Video_1935570
20170209	2	2	112	ref=lcytmkzfpc
20170209	2	2	112	ref=Video_26534982
20170209	2	2	112	ref=Video_25976006
20170209	2	2	112	ref=Video_26368360
20170209	2	2	112	ref=Video_25976024
20170209	2	2	112	ref=movie
20170209	3	2	112	ref=Video_26202125
20170209	2	2	112	ref=Video_1610444
20170209	3	2	112	ref=Video_26143535
20170209	2	2	112	ref=Video_26143409
20170209	5	2	112	ref=Video_26411475
20170209	2	2	112	ref=Video_26032141
20170209	2	2	112	ref=Video_26528566
20170209	2	2	112	ref=Video_25976014
20170209	3	2	112	ref=Video_25949988
20170209	5	2	112	ref=Video_26647762
20170209	3	2	112	ref=Video_26659471
20170209	2	2	112	ref=Video_25636971
20170209	2	2	112	ref=Video_26739175
20170209	3	2	112	ref=Video_25418536
20170209	4	2	112	ref=Video_26805743
20170209	8	2	112	ref=Video_25173088
20170209	5	2	112	ref=Video_26889980
20170209	2	2	112	ref=Video_24699362
20170209	2	2	112	ref=Video_24582834
20170209	2	2	112	ref=Video_1572834
20170209	3	2	112	ref=Video_24461144
20170209	2	2	112	ref=Video_1571312
20170209	2	2	112	ref=Video_1560792
20170209	3	2	112	ref=Video_23030436
20170209	2	2	112	ref=Video_27014243
20170209	3	2	112	ref=Video_22858137
20170209	2	2	112	ref=Video_22848854
20170209	3	2	112	ref=Video_22789693
20170209	5	2	112	ref=pfcyp
20170209	2	2	112	ref=Video_1607118
20170209	2	2	112	ref=Video_1610736
20170209	2	2	112	ref=Video_1944083
20170209	2	2	112	ref=Video_1965616
20170209	4	2	112	ref=Video_27284700
20170209	4	2	112	ref=Video_27279544
20170209	4	2	112	ref=Video_20091596
20170209	3	2	112	ref=Video_27123410
20170209	3	2	112	ref=Video_27123357
20170209	2	2	112	ref=Video_27123208
20170209	6	2	112	ref=Video_2064237
20170209	2	2	112	ref=Video_20971300
20170209	2	2	112	ref=Video_26774312
20170209	2	2	112	ref=Video_26385175
20170209	2	2	112	ref=Video_21345430
20170209	7	2	112	ref=Video_21410892
20170209	1	1	112	ref=Video_21223511
20170209	1	1	112	ref=Video_27224480
20170209	1	1	112	ref=Video_27202687
20170209	1	1	112	ref=Video_25819013
20170209	1	1	112	ref=Video_27231781
20170209	1	1	112	ref=Video_26598802
20170209	1	1	112	ref=Video_27237924
20170209	1	1	112	ref=Video_26624906
20170209	1	1	112	ref=Video_27123545
20170209	1	1	112	ref=Video_26647235
20170209	1	1	112	ref=Video_27123423
20170209	2	1	112	ref=Video_25702152
20170209	1	1	112	ref=Video_27250118
20170209	1	1	112	ref=Video_27104203
20170209	1	1	112	ref=Video_27252594
20170209	1	1	112	ref=welfare
20170209	1	1	112	ref=Video_27290754
20170209	3	1	112	ref=Video_27084454
20170209	1	1	112	ref=Video_27067219
20170209	1	1	112	ref=Video_27067214
20170209	1	1	112	ref=Video_27067197
20170209	1	1	112	ref=Video_26647537
20170209	1	1	112	ref=Video_27042239
20170209	1	1	112	ref=Video_26412692
20170209	1	1	112	ref=Video_27041087
20170209	1	1	112	ref=Video_25663269
20170209	1	1	112	ref=Video_26874900
20170209	1	1	112	ref=Video_26874874
20170209	1	1	112	ref=Video_26849368
20170209	2	1	112	ref=Video_27321042
20170209	1	1	112	ref=Video_26736322
20170209	1	1	112	ref=Video_26735922
20170209	1	1	112	ref=Video_26648063
20170209	1	1	112	ref=Video_26411800
20170209	1	1	112	ref=Video_27337469
20170209	1	1	112	ref=Video_26671440
20170209	1	1	112	ref=Video_2039785
20170209	1	1	112	ref=Video_25604859
20170209	1	1	112	ref=Video_26671621
20170209	2	1	112	ref=Video_27397477
20170209	1	1	112	ref=Video_26648186
20170209	2	1	112	ref=Video_2047999
20170209	1	1	112	ref=Video_26597755
20170209	1	1	112	ref=Video_27474282
20170209	2	1	112	ref=Video_26593196
20170209	2	1	112	ref=Video_2041363
20170209	1	1	112	ref=Video_26778622
20170209	3	1	112	ref=Video_26494411
20170209	2	1	112	ref=Video_25419391
20170209	1	1	112	ref=Video_25419314
20170209	1	1	112	ref=Video_25418572
20170209	2	1	112	ref=Video_26450842
20170209	1	1	112	ref=Video_26312841
20170209	1	1	112	ref=Video_25418522
20170209	2	1	112	ref=Video_26419293
20170209	1	1	112	ref=Video_26418816
20170209	2	1	112	ref=Video_26368768
20170209	1	1	112	ref=Video_26368538
20170209	1	1	112	ref=Video_26361837
20170209	1	1	112	ref=Video_26360572
20170209	1	1	112	ref=Video_26360478
20170209	1	1	112	ref=Video_25418446
20170209	1	1	112	ref=Video_25413211
20170209	1	1	112	ref=Video_26350820
20170209	1	1	112	ref=Video_1573711
20170209	1	1	112	ref=Video_1573509
20170209	2	1	112	ref=Video_25409973
20170209	1	1	112	ref=Video_26289919
20170209	1	1	112	ref=Video_26266969
20170209	1	1	112	ref=Video_26242082
20170209	1	1	112	ref=Video_26242069
20170209	1	1	112	ref=Video_26234982
20170209	2	1	112	ref=Video_20934031
20170209	1	1	112	ref=Video_26180081
20170209	1	1	112	ref=Video_26148532
20170209	1	1	112	ref=Video_27320987
20170209	1	1	112	ref=Video_27098624
20170209	1	1	112	ref=Video_20946885
20170209	4	1	112	ref=Video_26098867
20170209	1	1	112	ref=Video_26031941
20170209	1	1	112	ref=Video_26015953
20170209	1	1	112	ref=Video_6322741
20170209	1	1	112	ref=bjzt_pc
20170209	1	1	112	ref=Video_26895271
20170209	1	1	112	ref=Video_26917000
20170209	1	1	112	ref=Video_27439661
20170209	2	1	112	ref=Video_25081076
20170209	4	1	112	ref=Video_24817734
20170209	2	1	112	ref=Video_25699186
20170209	5	1	112	ref=bptz_m
20170209	1	1	112	ref=Video_26362846
20170209	1	1	112	ref=Video_25655620
20170209	1	1	112	ref=Video_25652092
20170209	1	1	112	ref=Video_25577078
20170209	1	1	112	ref=dmbjhypc
20170209	1	1	112	ref=Video_25418533
20170209	1	1	112	ref=Video_25418510
20170209	1	1	112	ref=Video_25418452
20170209	1	1	112	ref=moviehuodong
20170209	1	1	112	ref=100000002
20170209	8	1	112	ref=Video_26810271
20170209	1	1	112	ref=Video_1564348
20170209	1	1	112	ref=Video_25319024
20170209	1	1	112	ref=Video_25108465
20170209	1	1	112	ref=Video_26922388
20170209	2	1	112	ref=Video_2031428
20170209	1	1	112	ref=Video_1573064
20170209	1	1	112	ref=Video_24869784
20170209	2	1	112	ref=Video_27462282
20170209	1	1	112	ref=Video_26806000
20170209	1	1	112	ref=Video_24772060
20170209	2	1	112	ref=Video_26780400
20170209	1	1	112	ref=Video_24570118
20170209	1	1	112	ref=Video_24501844
20170209	1	1	112	ref=Video_1609041
20170209	1	1	112	ref=Video_26932436
20170209	1	1	112	ref=Video_1615337
20170209	1	1	112	ref=Video_24132970
20170209	1	1	112	ref=Video_24213482
20170209	1	1	112	ref=Video_1623919
20170209	1	1	112	ref=Video_1793033
20170209	2	1	112	ref=Video_23822301
20170209	2	1	112	ref=Video_23324040
20170209	1	1	112	ref=Video_26947241
20170209	1	1	112	ref=Video_23246038
20170209	1	1	112	ref=Video_23361745
20170209	1	1	112	ref=Video_23085163
20170209	2	1	112	ref=Video_23082706
20170209	1	1	112	ref=Video_1935148
20170209	1	1	112	ref=Video_1948117
20170209	1	1	112	ref=Video_26362459
20170209	1	1	112	ref=Video_23034065
20170209	1	1	112	ref=Video_1976076
20170209	1	1	112	ref=Video_23030104
20170209	9	1	112	ref=Video_27491686
20170209	1	1	112	ref=Video_23012573
20170209	1	1	112	ref=Video_26991166
20170209	1	1	112	ref=Video_22957526
20170209	1	1	112	ref=Video_22957481
20170209	1	1	112	ref=Video_1564379
20170209	1	1	112	ref=Video_2030069
20170209	1	1	112	ref=Video_22887704
20170209	1	1	112	ref=Video_23124176
20170209	5	1	112	ref=Video_22855759
20170209	1	1	112	ref=Video_20114358
20170209	1	1	112	ref=Video_20116455
20170209	1	1	112	ref=Video_22841114
20170209	1	1	112	ref=Video_2028270
20170209	1	1	112	ref=Video_26751673
20170209	1	1	112	ref=Video_2031915
20170209	1	1	112	ref=Video_22650841
20170209	1	1	112	ref=Video_27506486
20170209	2	1	112	ref=Video_2031974
20170209	1	1	112	ref=Video_2032338
20170209	1	1	112	ref=Video_23071891
20170209	2	1	112	ref=Video_23035305
20170209	1	1	112	ref=Video_2061449
20170209	1	1	112	ref=Video_22286508
20170209	2	1	112	ref=Video_21699486
20170209	1	1	112	ref=Video_21632358
20170209	1	1	112	ref=Video_21573147
20170209	1	1	112	ref=Video_26739294
20170209	2	1	112	ref=Video_21370827
20170209	1	1	112	ref=Video_21237807
20170209	1	1	112	ref=Video_23029096
20170209	1	1	112	ref=Video_23017657
20170209	3	1	112	ref=Video_21205910
20170209	1	1	112	ref=Video_2120322
20170209	1	1	112	ref=Video_21196065
20170209	1	1	112	ref=Video_23017585
20170209	2	1	112	ref=Video_20969931
20170209	1	1	112	ref=Video_23013048
20170209	1	1	112	ref=Video_21110761
20170209	1	1	112	ref=Video_21136327
20170209	3	1	112	ref=Video_21013753
20170209	1	1	112	ref=Video_21013251
20170209	1	1	112	ref=Video_27067196
20170209	1	1	112	ref=Video_20933940
20170209	1	1	112	ref=Video_22873766
20170209	1	1	112	ref=Video_27067204
20170209	1	1	112	ref=Video_2064294
20170209	1	1	112	ref=Video_2061788
20170209	1	1	112	ref=Video_2061689
20170209	2	1	112	ref=Video_2061620
20170209	2	1	112	ref=Video_22873667
20170209	1	1	112	ref=Video_21288143
20170209	1	1	112	ref=Video_22872285
20170209	1	1	112	ref=Video_2058421
20170209	1	1	112	ref=Video_27099286
20170209	1	1	112	ref=Video_22518720
20170209	1	1	112	ref=Video_27067218
20170209	2	1	112	ref=Video_2045781
20170209	1	1	112	ref=Video_22856495
20170209	1	1	112	ref=Video_2040268
20170209	9	1	112	ref=Video_2031948
20170209	1	1	112	ref=Video_20149485
20170209	1	1	112	ref=Video_2030345
20170209	1	1	112	ref=Video_21013802
20170209	1	1	112	ref=Video_21117785
20170209	1	1	112	ref=Video_22730157
20170209	2	1	112	ref=Video_22893594
20170209	1	1	112	ref=Video_2025733
20170209	1	1	112	ref=Video_2025602
20170209	1	1	112	ref=Video_22746988
20170209	2	1	112	ref=Video_22730917
20170209	1	1	112	ref=Video_2011463
20170209	1	1	112	ref=Video_20114557
20170209	1	1	112	ref=Video_22921376
20170209	1	1	112	ref=100000001
20170209	1	1	112	ref=Video_20096779
20170209	1	1	112	ref=Video_22932789
20170209	2	1	112	ref=Video_22981163
20170209	1	1	112	ref=Video_1970127
20170209	1	1	112	ref=Video_1968945
20170209	4	1	112	ref=Video_1965939
20170209	2	1	112	ref=Video_1965871
20170209	1	1	112	ref=Video_26598813
20170209	1	1	112	ref=Video_1965853
20170209	1	1	112	ref=Video_1952361
20170209	1	1	112	ref=Video_23011564
20170209	1	1	112	ref=Video_1944162
20170209	1	1	112	ref=Video_1940198
20170209	1	1	112	ref=Video_20116387
20170209	2	1	112	ref=Video_1662471
20170209	1	1	112	ref=Video_20114307
20170209	1	1	112	ref=Video_1613786
20170209	3	1	112	ref=Video_1606630
20170209	1	1	112	ref=Video_1575068
20170209	1	1	112	ref=Video_23030266
20170209	1	1	112	ref=Video_1573812
20170209	2	1	112	ref=Video_1506249
20170209	1	1	112	ref=Video_1157634
20170209	1	1	112	ref=dakaPcSign
20170209	1	1	112	ref=Video_1493723
20170209	1	1	112	ref=Video_23093627
20170209	3	1	112	ref=Video_22704934
20170209	1	1	112	ref=ym0216
20170209	1	1	112	ref=Video_23315053
20170209	1	1	112	ref=Video_23609458
20170209	2	1	112	ref=Video_23667242
20170209	1	1	112	ref=Video_1506255
20170209	1	1	112	ref=Video_1574778
20170209	2	1	112	ref=hypdjdt
20170209	2	1	112	ref=msearch
20170209	1	1	112	ref=Video_23880925
20170209	1	1	112	ref=Video_1601911
20170209	1	1	112	ref=Video_1479293
20170209	1	1	112	ref=apphyzx_m
20170209	1	1	112	ref=Video_24105190
20170209	1	1	112	ref=Video_24199412
20170209	1	1	112	ref=Video_24213249
20170209	1	1	112	ref=Video_24452492
20170209	2	1	112	ref=Video_27559955
20170209	1	1	112	ref=Video_27547232
20170209	1	1	112	ref=Video_21169841
20170209	3	1	112	ref=Video_27547061
20170209	1	1	112	ref=Video_27520784
20170209	1	1	112	ref=Video_26595997
20170209	1	1	112	ref=Video_24496313
20170209	2	1	112	ref=Video_24721713
20170209	1	1	112	ref=Video_24831941
20170209	2	1	112	ref=Video_24888985
20170209	1	1	112	ref=Video_24944086
20170209	1	1	112	ref=Video_27511786
20170209	2	1	112	ref=Video_1610745
20170209	3	1	112	ref=Video_1625005
20170209	2	1	112	ref=Video_27468285
20170209	1	1	112	ref=Video_27461384
20170209	1	1	112	ref=Video_25414351
20170209	1	1	112	ref=Video_25416458
20170209	1	1	112	ref=Video_27380719
20170209	1	1	112	ref=Video_27429637
20170209	1	1	112	ref=Video_1973929
20170209	2	1	112	ref=Video_25417281
20170209	4	1	112	ref=Video_27307954
20170209	1	1	112	ref=Video_25418604
20170209	1	1	112	ref=Video_25652730
20170209	1	1	112	ref=Video_25656709
20170209	3	1	112	ref=Video_25666311
20170209	2	1	112	ref=Video_1970256
20170209	4	1	112	ref=Video_1857463
20170209	1	1	112	ref=Video_1928234
20170209	1	1	112	ref=Video_27200795
20170209	1	1	112	ref=Video_26528450
20170209	1	1	112	ref=Video_25707117
20170209	2	1	112	ref=Video_25761653
20170209	1	1	112	ref=Video_21519270
20170209	1	1	112	ref=Video_27123584
20170209	1	1	112	ref=Video_27347863
20170209	1	1	112	ref=Video_26190568
20170209	1	1	112	ref=Video_26164611
20170209	1	1	112	ref=Video_27123377
20170209	1	1	112	ref=Video_21582522
20170209	1	1	112	ref=Video_26146404
20170209	1	1	112	ref=Video_1964514
20170209	1	1	112	ref=Video_22071965
20170209	1	1	112	ref=Video_22107695
20170209	1	1	112	ref=Video_22202408
20170209	3	1	112	ref=Video_27123237
20170209	3	1	112	ref=Video_22419440
20170209	1	1	112	ref=Video_22728775
20170209	3	1	112	ref=Video_1960603
20170209	1	1	112	ref=Video_26032243
20170209	1	1	112	ref=Video_26011386
20170209	1	1	112	ref=Video_2232754
20170209	4	1	112	ref=Video_22738378
20170209	1	1	112	ref=Video_22748854
20170209	1	1	112	ref=Video_27321019
20170209	1	1	112	ref=Video_27123454
20170209	1	1	112	ref=Video_25655987
20170209	1	1	112	ref=Video_22851142
20170209	3	1	112	ref=Video_27066169
20170209	1	1	112	ref=Video_1968109
20170209	8	1	112	ref=Video_22295281
20170209	1	1	112	ref=Video_25189430
20170209	1	1	112	ref=Video_22856741
20170209	1	1	112	ref=Video_22873463
20170209	1	1	112	ref=Video_22880659
20170209	1	1	112	ref=Video_22894280
20170209	1	1	112	ref=Video_24772147
20170209	1	1	112	ref=Video_22921031
20170209	1	1	112	ref=Video_22957212
20170209	1	1	112	ref=Video_24518509
20170209	1	1	112	ref=Video_23035115
20170209	1	1	112	ref=Video_25777471
20170209	1	1	112	ref=Video_26937165
20170209	3	1	112	ref=Video_24213787
20170209	1	1	112	ref=Video_23066107
20170209	1	1	112	ref=Video_23181366
20170209	1	1	112	ref=Video_23200085
20170209	1	1	112	ref=Video_23378994
20170209	2	1	112	ref=Video_26936292
20170209	1	1	112	ref=Video_23965987
20170209	1	1	112	ref=Video_23530092
20170209	1	1	112	ref=Video_23814309
20170209	1	1	112	ref=Video_2227566
20170209	1	1	112	ref=Video_25843878
20170209	1	1	112	ref=Video_23964989
20170209	2	1	112	ref=Video_23160601
20170209	1	1	112	ref=Video_23971468
20170209	1	1	112	ref=Video_23973439
20170209	5	1	112	ref=hywldp
20170209	1	1	112	ref=Video_23030295
20170209	2	1	112	ref=Video_22939996
20170209	2	1	112	ref=index_focus_4
20170209	1	1	112	ref=Video_22897740
20170209	1	1	112	ref=Video_22893681
20170209	1	1	112	ref=Video_1970840
20170209	1	1	112	ref=Video_26739232
20170209	1	1	112	ref=Video_22873944
20170209	5	1	112	ref=Video_22873714
20170209	1	1	112	ref=Video_26734480
20170209	3	1	112	ref=Video_24259251
20170209	1	1	112	ref=Video_24422943
20170209	1	1	112	ref=Video_22856150
20170209	1	1	112	ref=Video_22850791
20170209	1	1	112	ref=Video_22754419
20170209	2	1	112	ref=Video_22739268
20170209	2	1	112	ref=Video_24434265
20170209	2	1	112	ref=Video_24505423
20170209	1	1	112	ref=Video_24519725
20170209	1	1	112	ref=Video_2265882
20170209	2	1	112	ref=Video_22651472
20170209	3	1	112	ref=Video_26428898
20170209	1	1	112	ref=Video_22628252
20170209	1	1	112	ref=Video_25902836
20170209	1	1	112	ref=Video_24617659
20170209	1	1	112	ref=Video_24848130
20170209	1	1	112	ref=Video_26425030
20170209	1	1	112	ref=Video_25934214
20170209	8	1	112	ref=Video_22108184
20170209	1	1	112	ref=Video_24925328
20170209	1	1	112	ref=Video_1983062
20170209	1	1	112	ref=Video_21581734
20170209	1	1	112	ref=Video_27237987
20170209	1	1	112	ref=Video_21411031
20170209	1	1	112	ref=Video_26435144
20170209	1	1	112	ref=Video_21519567
20170209	2	1	112	ref=Video_26417315
20170209	1	1	112	ref=Video_21287669
20170209	1	1	112	ref=Video_21263665
20170209	1	1	112	ref=Video_26368707
20170209	1	1	112	ref=Video_25170346
20170209	1	1	112	ref=Video_27224657
20170209	1	1	112	ref=Video_25418440
20170209	1	1	112	ref=Video_26414596
20170209	3	1	112	ref=Video_21005549
20170209	1	1	112	ref=Video_20997266
20170209	1	1	112	ref=Video_20970620
20170209	1	1	112	ref=Video_25418463
20170209	1	1	112	ref=Video_25600208
20170209	1	1	112	ref=Video_26032624
20170209	1	1	112	ref=Video_25653656
20170209	12	1	112	ref=Video_2065320
20170209	1	1	112	ref=Video_25661797
20170209	1	1	112	ref=Video_25663975
20170209	2	1	112	ref=Video_25706413
20170209	1	1	112	ref=Video_25759005
20170209	1	1	112	ref=Video_20555383
20170209	1	1	112	ref=Video_2043135
20170209	1	1	112	ref=Video_27205126
20170209	1	1	112	ref=Video_20355853
20170209	1	1	112	ref=Video_2031912
20170209	1	1	112	ref=Video_26270692
20170209	2	1	112	ref=Video_2030918
20170209	2	1	112	ref=Video_26015509
20170209	1	1	112	ref=Video_26148504
20170209	1	1	112	ref=Video_26032032
20170209	1	1	112	ref=Video_20116461
20170209	4	1	112	ref=Video_26121722
20170209	1	1	112	ref=Video_20114251
20170209	1	1	112	ref=Video_26183429
20170209	2	1	112	ref=Video_27198080
20170209	3	1	112	ref=Video_20105382
20170209	1	1	112	ref=Video_26351413
20170209	1	1	112	ref=Video_26143093
20170209	1	1	112	ref=Video_26189125
20170209	1	1	112	ref=Video_26184012
20170209	1	1	112	ref=Video_1965395
20170209	1	1	112	ref=Video_1943074
20170209	1	1	112	ref=Video_26175238
20170209	1	1	112	ref=Video_26143629
20170209	1	1	112	ref=Video_1933859
20170209	1	1	112	ref=Video_1906228
20170209	2	1	112	ref=Video_1744944
20170209	1	1	112	ref=Video_1610750
20170209	2	1	112	ref=Video_27175760
20170209	1	1	112	ref=Video_1573836
20170209	1	1	112	ref=Video_26184719
20170209	1	1	112	ref=Video_1558702
20170209	1	1	112	ref=Video_1557587
20170209	2	1	112	ref=Video_1593976
20170209	2	1	112	ref=Video_1553063
20170209	1	1	112	ref=Video_26267064
20170209	1	1	112	ref=Video_26350994
20170209	1	1	112	ref=Video_20103515
20170209	1	1	112	ref=Video_26368585
20170209	1	1	112	ref=Video_26368819
20170209	3	1	112	ref=Video_26508110
20170209	1	1	112	ref=Video_26598765
20170209	1	1	112	ref=Video_26598788
20170209	1	1	112	ref=Video_1506472
20170209	1	1	112	ref=Video_27165022
20170209	1	1	112	ref=pc_dyxp
20170209	3	1	112	ref=myxfyd
20170209	1	1	112	ref=index_focus_5
20170209	1	1	112	ref=Video_26647661
20170209	1	1	112	ref=Video_26142892
20170209	1	1	112	ref=dsjbfqhy_pc
20170209	1	1	112	ref=Video_26353551
20170209	1	1	112	ref=Video_26130430
20170209	2	1	112	ref=Video_26736149
20170209	1	1	112	ref=Video_27588289
20170209	1	1	112	ref=Video_26737792
20170209	1	1	112	ref=Video_21112597
20170209	1	1	112	ref=Video_22651500
20170209	3	1	112	ref=Video_26739047
20170209	1	1	112	ref=Video_26739259
20170209	1	1	112	ref=Video_26778666
20170209	1	1	112	ref=Video_27547068
20170209	2	1	112	ref=ym0401
20170209	1	1	112	ref=Video_26783890
20170209	1	1	112	ref=Video_27528104
20170209	1	1	112	ref=Video_26831170
20170209	1	1	112	ref=Video_26897416
20170209	1	1	112	ref=Video_26971882
20170209	2	1	112	ref=Video_26991132
20170209	1	1	112	ref=Video_27510770
20170209	1	1	112	ref=Video_26414724
20170209	1	1	112	ref=Video_20971270
20170209	1	1	112	ref=Video_27066154
20170209	1	1	112	ref=Video_27474181
20170209	1	1	112	ref=Video_26419819
20170209	2	1	112	ref=Video_27468660
20170209	2	1	112	ref=Video_27462288
20170209	4	1	112	ref=Video_2030941
20170209	1	1	112	ref=Video_27234537
20170209	2	1	112	ref=Video_26032074
20170209	1	1	112	ref=Video_27342812
20170209	1	1	112	ref=Video_26425169
20170209	2	1	112	ref=Video_27123613
20170209	1	1	112	ref=Video_25976069
20170209	1	1	112	ref=Video_27277202
20170209	1	1	112	ref=Video_27162710
20170209	1	1	112	ref=Video_27224581
20170209	1	1	112	ref=Video_27257844
20170209	1	1	112	ref=Video_27123532
20170209	1	1	112	ref=Video_25966817
